TITLE     = "TECPLOT Grid File exported by Pointwise V18.0R4 Thu Jan 17 15:08:26 2019"
VARIABLES = "X"
"Y"
"Z"
ZONE T="dom-3"
 STRANDID=0, SOLUTIONTIME=0
 Nodes=963, Elements=1770, ZONETYPE=FETriangle
 DATAPACKING=POINT
 DT=(DOUBLE DOUBLE DOUBLE )
 -1.000000000000E+00 0.000000000000E+00 0.000000000000E+00
 -9.876850207349E-01 -1.918157425268E-01 0.000000000000E+00
 -9.509422945585E-01 -3.804818758643E-01 0.000000000000E+00
 -8.903751360190E-01 -5.629005073191E-01 0.000000000000E+00
 -8.069780561851E-01 -7.360763280059E-01 0.000000000000E+00
 -7.021204328019E-01 -8.971657957368E-01 0.000000000000E+00
 -5.775240251466E-01 -1.043523825905E+00 0.000000000000E+00
 -4.352347027881E-01 -1.172747223702E+00 0.000000000000E+00
 -2.775888524658E-01 -1.282714144508E+00 0.000000000000E+00
 -1.071750146836E-01 -1.371618934524E+00 0.000000000000E+00
 7.320862005345E-02 -1.438001779555E+00 0.000000000000E+00
 2.606001574499E-01 -1.480772675122E+00 0.000000000000E+00
 4.519226336425E-01 -1.499229324301E+00 0.000000000000E+00
 6.440345388615E-01 -1.493068669424E+00 0.000000000000E+00
 8.337814009345E-01 -1.462391868273E+00 0.000000000000E+00
 1.018047581632E+00 -1.407702633075E+00 0.000000000000E+00
 1.193807435361E+00 -1.329898959560E+00 0.000000000000E+00
 1.358174990183E+00 -1.230258381895E+00 0.000000000000E+00
 1.508451335392E+00 -1.110416995613E+00 0.000000000000E+00
 1.642168937554E+00 -9.723425929617E-01 0.000000000000E+00
 1.757132157338E+00 -8.183023518158E-01 0.000000000000E+00
 1.851453301854E+00 -6.508256086763E-01 0.000000000000E+00
 1.923583620516E+00 -4.726623270354E-01 0.000000000000E+00
 1.972338735487E+00 -2.867379430521E-01 0.000000000000E+00
 1.996918089126E+00 -9.610532997107E-02 0.000000000000E+00
 1.996918089126E+00 9.610532997107E-02 0.000000000000E+00
 1.972338735487E+00 2.867379430521E-01 0.000000000000E+00
 1.923583620516E+00 4.726623270354E-01 0.000000000000E+00
 1.851453301854E+00 6.508256086763E-01 0.000000000000E+00
 1.757132157338E+00 8.183023518158E-01 0.000000000000E+00
 1.642168937554E+00 9.723425929617E-01 0.000000000000E+00
 1.508451335392E+00 1.110416995613E+00 0.000000000000E+00
 1.358174990183E+00 1.230258381895E+00 0.000000000000E+00
 1.193807435361E+00 1.329898959559E+00 0.000000000000E+00
 1.018047581632E+00 1.407702633075E+00 0.000000000000E+00
 8.337814009345E-01 1.462391868273E+00 0.000000000000E+00
 6.440345388615E-01 1.493068669424E+00 0.000000000000E+00
 4.519226336425E-01 1.499229324301E+00 0.000000000000E+00
 2.606001574499E-01 1.480772675122E+00 0.000000000000E+00
 7.320862005345E-02 1.438001779555E+00 0.000000000000E+00
 -1.071750146836E-01 1.371618934524E+00 0.000000000000E+00
 -2.775888524658E-01 1.282714144508E+00 0.000000000000E+00
 -4.352347027881E-01 1.172747223702E+00 0.000000000000E+00
 -5.775240251466E-01 1.043523825905E+00 0.000000000000E+00
 -7.021204328019E-01 8.971657957368E-01 0.000000000000E+00
 -8.069780561851E-01 7.360763280059E-01 0.000000000000E+00
 -8.903751360190E-01 5.629005073191E-01 0.000000000000E+00
 -9.509422945585E-01 3.804818758643E-01 0.000000000000E+00
 -9.876850207349E-01 1.918157425268E-01 0.000000000000E+00
 1.106160691000E-07 -8.673617380000E-19 -2.407412430000E-34
 1.035012704939E-02 1.732344241679E-02 1.060754915093E-18
 2.833892688724E-02 2.766235869646E-02 1.693830951555E-18
 4.784262421348E-02 3.487359185077E-02 2.135391631389E-18
 6.790884669342E-02 4.036006505757E-02 2.471341223958E-18
 8.825248837895E-02 4.471782466141E-02 2.738177041628E-18
 1.087581601715E-01 4.824112131650E-02 2.953916740112E-18
 1.293653799131E-01 5.111436361661E-02 3.129852089423E-18
 1.500399971889E-01 5.345582263892E-02 3.273225104471E-18
 1.707605160421E-01 5.534991123322E-02 3.389204580874E-18
 1.915127479505E-01 5.685847913874E-02 3.481577724215E-18
 2.122868132830E-01 5.802959577011E-02 3.553287935888E-18
 2.330756249872E-01 5.890161322089E-02 3.606683604711E-18
 2.538739678617E-01 5.950595713634E-02 3.643688996500E-18
 2.746779471859E-01 5.986894502246E-02 3.665915594482E-18
 2.954846126025E-01 6.001298220926E-02 3.674735328878E-18
 3.162917169300E-01 5.995741846952E-02 3.671333030681E-18
 3.370975427664E-01 5.971914722676E-02 3.656743124906E-18
 3.579007791527E-01 5.931305527711E-02 3.631877164554E-18
 3.787004306571E-01 5.875235737461E-02 3.597544320255E-18
 3.994957479522E-01 5.804885194598E-02 3.554467036552E-18
 4.202861765536E-01 5.721312013767E-02 3.503293222315E-18
 4.410713142535E-01 5.625468227899E-02 3.444605829606E-18
 4.618508791813E-01 5.518212291807E-02 3.378930510248E-18
 4.826246837965E-01 5.400319171327E-02 3.306741793886E-18
 5.033926129461E-01 5.272488572895E-02 3.228468126890E-18
 5.241546069810E-01 5.135351730882E-02 3.144496029930E-18
 5.449106464293E-01 4.989477043187E-02 3.055173545375E-18
 5.656607413670E-01 4.835374773864E-02 2.960813120258E-18
 5.864049194806E-01 4.673501076177E-02 2.861694066875E-18
 6.071432194833E-01 4.504261335601E-02 2.758064613506E-18
 6.278756814530E-01 4.328013108175E-02 2.650143699553E-18
 6.486023427627E-01 4.145068567463E-02 2.538122476635E-18
 6.693232313035E-01 3.955696703043E-02 2.422165652588E-18
 6.900383608899E-01 3.760125175459E-02 2.302412629825E-18
 7.107477270267E-01 3.558541972488E-02 2.178978518202E-18
 7.314513037282E-01 3.351096833685E-02 2.051955005362E-18
 7.521490394670E-01 3.137902555059E-02 1.921411160061E-18
 7.728408543749E-01 2.919036117557E-02 1.787394118932E-18
 7.935266368927E-01 2.694539717850E-02 1.649929720318E-18
 8.142062410093E-01 2.464421701522E-02 1.509023073824E-18
 8.348794839968E-01 2.228657402701E-02 1.364659077155E-18
 8.555461426686E-01 1.987189921774E-02 1.216802888601E-18
 8.762059522805E-01 1.739930856113E-02 1.065400376776E-18
 8.968586018588E-01 1.486760993226E-02 9.103785455294E-19
 9.175037312641E-01 1.227530944019E-02 7.516459206430E-19
 9.381409308046E-01 9.620617697124E-03 5.890929334319E-19
 9.587697342076E-01 6.901456341907E-03 4.225923209453E-19
 9.793896169731E-01 4.115463685213E-03 2.519994714628E-19
 1.000000000000E+00 1.260000000000E-03 7.715274835000E-20
 1.000000000000E+00 9.800000000000E-04 6.000769316111E-20
 1.000000000000E+00 7.000000000000E-04 4.286263797222E-20
 1.000000000000E+00 4.200000000000E-04 2.571758278333E-20
 1.000000000000E+00 1.400000000000E-04 8.572527594444E-21
 1.000000000000E+00 -1.400000000000E-04 -8.572527594444E-21
 1.000000000000E+00 -4.200000000000E-04 -2.571758278333E-20
 1.000000000000E+00 -7.000000000000E-04 -4.286263797222E-20
 1.000000000000E+00 -9.800000000000E-04 -6.000769316111E-20
 1.000000000000E+00 -1.260000000000E-03 -7.715274835000E-20
 9.793896232890E-01 -4.115462821236E-03 -2.519994185595E-19
 9.587697398199E-01 -6.901455592925E-03 -4.225922750834E-19
 9.381409362722E-01 -9.620616985150E-03 -5.890928898361E-19
 9.175037373521E-01 -1.227530866660E-02 -7.516458732744E-19
 8.968586080574E-01 -1.486760916321E-02 -9.103784984387E-19
 8.762059589306E-01 -1.739930775554E-02 -1.065400327449E-18
 8.555461501149E-01 -1.987189833733E-02 -1.216802834691E-18
 8.348794919958E-01 -2.228657310367E-02 -1.364659020616E-18
 8.142062494648E-01 -2.464421606252E-02 -1.509023015488E-18
 7.935266459946E-01 -2.694539617829E-02 -1.649929659072E-18
 7.728408642808E-01 -2.919036011417E-02 -1.787394053939E-18
 7.521490501311E-01 -3.137902443730E-02 -1.921411091892E-18
 7.314513151182E-01 -3.351096717954E-02 -2.051954934497E-18
 7.107477333961E-01 -3.558541909572E-02 -2.178978479678E-18
 6.900383671817E-01 -3.760125115128E-02 -2.302412592883E-18
 6.693232377293E-01 -3.955696643337E-02 -2.422165616029E-18
 6.486023492637E-01 -4.145068509052E-02 -2.538122440869E-18
 6.278756878715E-01 -4.328013052551E-02 -2.650143665493E-18
 6.071432257354E-01 -4.504261283498E-02 -2.758064581602E-18
 5.864049258563E-01 -4.673501025267E-02 -2.861694035701E-18
 5.656607475145E-01 -4.835374727031E-02 -2.960813091581E-18
 5.449106571495E-01 -4.989476965667E-02 -3.055173497908E-18
 5.241546156325E-01 -5.135351671871E-02 -3.144495993797E-18
 5.033926200422E-01 -5.272488527587E-02 -3.228468099147E-18
 4.826246891117E-01 -5.400319139859E-02 -3.306741774617E-18
 4.618508817233E-01 -5.518212278019E-02 -3.378930501805E-18
 4.410713200150E-01 -5.625468199708E-02 -3.444605812344E-18
 4.202861822382E-01 -5.721311989194E-02 -3.503293207269E-18
 3.994957535967E-01 -5.804885173660E-02 -3.554467023731E-18
 3.787004360883E-01 -5.875235720905E-02 -3.597544310117E-18
 3.579007845935E-01 -5.931305515013E-02 -3.631877156779E-18
 3.370975479861E-01 -5.971914714534E-02 -3.656743119921E-18
 3.162917218974E-01 -5.995741843382E-02 -3.671333028495E-18
 2.954846172679E-01 -6.001298221851E-02 -3.674735329444E-18
 2.746779514231E-01 -5.986894507339E-02 -3.665915597601E-18
 2.538739717315E-01 -5.950595722558E-02 -3.643689001964E-18
 2.330756274781E-01 -5.890161330876E-02 -3.606683610091E-18
 2.122868164495E-01 -5.802959592489E-02 -3.553287945366E-18
 1.915127498727E-01 -5.685847926212E-02 -3.481577731770E-18
 1.707605160634E-01 -5.534991123496E-02 -3.389204580980E-18
 1.500399972110E-01 -5.345582264117E-02 -3.273225104609E-18
 1.293653798853E-01 -5.111436361313E-02 -3.129852089209E-18
 1.087581600739E-01 -4.824112130146E-02 -2.953916739191E-18
 8.825248727465E-02 -4.471782445151E-02 -2.738177028775E-18
 6.790884742058E-02 -4.036006523203E-02 -2.471341234640E-18
 4.784263006724E-02 -3.487359368528E-02 -2.135391743720E-18
 2.833892622188E-02 -2.766235839811E-02 -1.693830933286E-18
 1.035013520997E-02 -1.732344908276E-02 -1.060755323266E-18
 9.916873694820E-01 -1.577177420339E-02 -2.525488794438E-07
 9.949643458016E-01 -8.750278796895E-03 -2.487064509898E-07
 1.188979741531E+00 -6.823096969774E-02 -1.106450571517E-19
 1.183651731521E+00 7.658910323643E-03 -2.703380833774E-20
 1.140220832428E+00 -2.739766045529E-02 -7.964076192755E-20
 1.021192312031E+00 -4.260337440116E-03 -1.584090564324E-07
 1.014913912354E+00 -7.315494659639E-03 -1.888495088762E-07
 1.021887091813E+00 -1.446159704167E-02 -1.498385758381E-07
 1.011011555105E+00 1.020392056507E-02 -7.620475456416E-08
 1.009105867430E+00 5.807719640645E-03 -1.047433777095E-07
 1.014161547959E+00 5.803691054958E-03 -1.167196525315E-07
 1.850184829224E+00 -1.796683167098E-01 -1.564710410904E-20
 1.868860451998E+00 -2.631937871500E-02 -7.377910829534E-21
 1.729004370230E+00 -7.137561677009E-02 -2.049729738949E-20
 1.407392132546E+00 -1.486103244613E-01 -8.634624736622E-20
 1.357533518214E+00 -2.945183028847E-01 -1.688294057932E-19
 1.523079148849E+00 -2.861384869335E-01 -8.748844324202E-20
 1.756491583346E+00 -4.130670951468E-01 -3.871812647152E-20
 1.712133342259E+00 -5.603172280824E-01 -5.024335809224E-20
 1.478803574521E+00 -9.337541125533E-01 -8.372820936630E-20
 1.603226188091E+00 -8.088472315886E-01 -6.023661267547E-20
 1.433674276060E+00 -7.340661743358E-01 -1.655409779663E-19
 8.598001497480E-01 -4.673557462010E-01 -1.118518072650E-18
 7.800123909636E-01 -5.833013463911E-01 -1.195866225142E-18
 9.385367491965E-01 -6.357898178751E-01 -8.396364386219E-19
 9.691303944508E-01 -3.872077651194E-02 -7.074782784778E-08
 9.520899279844E-01 -2.410023922592E-02 -1.781194993879E-08
 9.439530186456E-01 -4.308039125750E-02 -9.373961486266E-09
 9.308899067377E-01 -2.755581905994E-02 -3.097596709485E-09
 9.231959435612E-01 -4.311403922695E-02 -2.664852807132E-09
 8.492923948567E-01 -3.657353108090E-02 -1.880740766791E-12
 8.318827243623E-01 -3.795570300496E-02 -3.761492821546E-13
 8.179967069375E-01 -5.260051292019E-02 -1.470365252304E-18
 8.002440899743E-01 -4.190751682587E-02 -1.594841791228E-18
 8.140687630678E-01 -1.067787440907E-01 -1.480979964394E-18
 7.966269984079E-01 -1.589386566719E-01 -1.577824025177E-18
 8.481220263342E-01 -1.317970917913E-01 -1.272101611206E-18
 1.125055304885E+00 -1.073553228149E+00 -2.661148464470E-19
 1.226178870133E+00 -1.019993373698E+00 -2.259207280735E-19
 1.107202532527E+00 -9.118267222343E-01 -4.145174827538E-19
 7.431777574825E-01 -4.539972995379E-02 -1.966957611620E-18
 7.607986175830E-01 -4.664183305298E-02 -1.853758234285E-18
 7.304820978023E-01 -8.058718787308E-02 -2.019213566698E-18
 7.524725937606E-01 -1.036537346995E-01 -1.864225877672E-18
 7.572453153500E-01 -7.949799954905E-02 -1.853325940808E-18
 7.008904044997E-01 -5.234262017284E-02 -2.222325882391E-18
 1.133797391721E+00 -4.436646584520E-01 -4.911989653536E-19
 1.079312231173E+00 -2.996563831035E-01 -2.162511468920E-12
 9.879263484360E-01 -3.843829135905E-01 -7.798286781692E-19
 6.625170170844E-01 -5.930719781026E-02 -2.433423119361E-18
 6.864443162565E-01 -7.021734939401E-02 -2.284054751371E-18
 6.819857321821E-01 -5.195902309003E-02 -2.333937560401E-18
 6.632402688422E-01 -1.273775332382E-01 -2.321584907457E-18
 6.450361158407E-01 -9.359439387015E-02 -2.474028836692E-18
 6.262712217680E-01 -1.171766203101E-01 -2.524587206638E-18
 6.391298051346E-01 -5.814716907447E-02 -2.563796638347E-18
 6.214844165335E-01 -5.757876074603E-02 -2.661920839730E-18
 6.275125493337E-01 -7.355938875872E-02 -2.599682503264E-18
 9.284449304860E-01 -9.243011351747E-01 -6.059172537272E-19
 9.752946580335E-01 -1.071758433898E+00 -3.947092626635E-19
 1.088816846461E+00 -1.210236062913E+00 -1.702300725759E-19
 6.476549896623E-01 -7.256305632530E-02 -2.493366561676E-18
 5.700286388852E-01 -2.091393185405E-01 -2.542291143756E-18
 6.227729049162E-01 -2.486866464357E-01 -2.237436344658E-18
 6.220417309314E-01 -1.902188310436E-01 -2.381145300192E-18
 5.287306600299E-01 -6.449896473291E-02 -3.089478574882E-18
 5.199225751372E-01 -8.223914185753E-02 -3.081805356734E-18
 5.423677182559E-01 -7.386742992990E-02 -3.006167334796E-18
 5.143964937347E-01 -6.420042536478E-02 -3.151523933028E-18
 4.963639013079E-01 -9.152850495899E-02 -3.155495165814E-18
 4.878309869727E-01 -1.158291938574E-01 -3.121115907172E-18
 5.165739766531E-01 -1.125775500494E-01 -3.022717593918E-18
 4.766599388879E-01 -7.442084668228E-02 -3.272064193155E-18
 4.761322232275E-01 -9.439792085321E-02 -3.223276072635E-18
 4.265815160994E-01 -7.410414864952E-02 -3.433718535188E-18
 4.459532239538E-01 -8.102694778397E-02 -3.360380346614E-18
 7.543290419277E-01 -1.306366719599E+00 -2.390548916075E-19
 6.309631931001E-01 -1.377603023864E+00 -1.720464123332E-19
 4.107018294258E-01 -8.608631795064E-02 -3.435007679025E-18
 4.302354249770E-01 -9.532751054537E-02 -3.368489237523E-18
 3.949008280758E-01 -7.353790608976E-02 -3.511394740208E-18
 3.794488457308E-01 -7.731172322939E-02 -3.526577458419E-18
 3.664470442255E-01 -7.247202282526E-02 -3.564736464933E-18
 3.152318235003E-01 -8.053304971109E-02 -3.571738366896E-18
 3.293581925949E-01 -7.414671082932E-02 -3.598031789635E-18
 3.184960404173E-01 -1.251084983224E+00 -3.864427892111E-19
 2.269024287140E-01 -1.355336134909E+00 -1.918399315667E-19
 3.476931970233E-01 -1.373493312026E+00 -1.985623242072E-19
 3.024545354482E-01 -7.258976799853E-02 -3.609994283382E-18
 2.650717627198E-01 -7.466574885180E-02 -3.573941304683E-18
 2.518555567002E-01 -1.073492338153E-01 -3.380705067108E-18
 2.314560600773E-01 -1.285066579851E-01 -3.234865954277E-18
 2.682339859526E-01 -1.262941746289E-01 -3.319304546775E-18
 2.743891488320E-01 -9.653945072976E-02 -3.468245024006E-18
 2.854139996043E-01 -7.514283109750E-02 -3.591641887424E-18
 4.718040014665E-01 -1.309954649403E+00 -2.948613876257E-19
 2.477016349917E-01 -7.177740081255E-02 -3.562179133725E-18
 2.512520115089E-01 -8.764901401476E-02 -3.481901223969E-18
 2.014240897436E-01 -7.388898030852E-02 -3.427910740268E-18
 2.168819063459E-01 -8.652227382077E-02 -3.409786406968E-18
 2.195426293680E-01 -7.123762032932E-02 -3.498509920164E-18
 1.627128134421E-01 -7.318682744224E-02 -3.242729496730E-18
 1.346133819186E-01 -1.239964754759E+00 -3.525124815510E-19
 1.222761743033E-01 -8.553762383396E-02 -2.888213192286E-18
 1.430944416197E-01 -8.294164040954E-02 -3.056541494807E-18
 1.307131226096E-01 -7.086803476087E-02 -3.030691641401E-18
 1.234864640012E-01 -1.315764336425E-01 -2.709264446433E-18
 1.540906947586E-01 -1.659711584303E-01 -2.787258158017E-18
 1.599828090394E-01 -1.238739483326E-01 -2.973957423163E-18
 1.437321172091E-01 -6.665906941475E-02 -3.155250654353E-18
 3.332180585001E-01 -5.699425965207E-01 -1.822757353443E-18
 2.184290089511E-01 -6.937260810310E-01 -1.470902316535E-18
 3.717014918050E-01 -7.398045371145E-01 -1.385077937643E-18
 1.786656934992E-02 -6.276409501493E-01 -1.351929808801E-18
 1.717931505220E-01 -5.387265942979E-01 -1.755779148483E-18
 6.100778320732E-02 -7.678368499980E-02 -2.306814708434E-18
 8.308654791798E-02 -6.914935326132E-02 -2.611965915767E-18
 7.041645866690E-02 -5.717681373978E-02 -2.467835184188E-18
 -3.551691979216E-02 -1.182723297583E+00 -3.531253877072E-19
 1.628251687406E-02 -1.308077191605E+00 -1.764094673146E-19
 4.778922867975E-02 -1.060924523788E-01 -2.130471550730E-18
 1.815467063890E-02 -9.595920736175E-02 -1.803191827635E-18
 6.990310246565E-03 -1.241591453193E-01 -1.761029903799E-18
 3.513457026497E-02 -7.790944043101E-02 -1.966145839302E-18
 -2.297010476054E-01 -1.142240401870E+00 -2.393918937189E-19
 2.356395532635E-02 -5.714738969813E-02 -1.729649849049E-18
 1.164754293445E-02 -3.701592486674E-02 -1.388063017938E-18
 2.872493844238E-03 -5.475942166151E-02 -1.401289646202E-18
 -1.044187442569E-02 -1.694661968130E-01 -1.701157089108E-18
 -4.834917345406E-02 -1.214794740054E-01 -1.312769963318E-18
 -7.671446004753E-02 -1.768940378149E-01 -1.312751249894E-18
 -3.662493444504E-01 -2.992832733258E-01 -6.413353721074E-19
 -5.071807411059E-01 -3.125242914204E-01 -4.388142368794E-19
 -4.399396876559E-01 -4.278033249780E-01 -5.903696409812E-19
 -5.216969601569E-01 -8.543750282495E-01 -2.553382742391E-19
 -6.483652603086E-01 -7.510855949062E-01 -1.737005713684E-19
 -4.830707385786E-01 -1.565312618642E-01 -2.980410792586E-19
 -6.216596977091E-01 -2.648274478793E-01 -2.693638538004E-19
 -6.856249038904E-01 -5.888481726837E-01 -2.132386562656E-19
 -4.264250089429E-01 3.063832853749E-01 4.581255484815E-19
 -5.178905523862E-01 1.286403413724E-01 1.385375706354E-19
 -3.432054493475E-01 1.104566618919E-01 2.021942684266E-19
 -7.932139565221E-01 -4.435520925394E-01 -1.321458568577E-19
 -6.826001503537E-01 1.327042952094E-01 7.823635390172E-20
 -7.390749848149E-01 2.755451818698E-01 1.339262305525E-19
 -8.434972730750E-01 1.476273958905E-01 4.234237439711E-20
 -6.328283927255E-01 4.222023935779E-01 2.946589872691E-19
 -6.024946282710E-01 2.517971481657E-01 2.227725971386E-19
 -7.827025503939E-01 -3.836985415919E-03 -2.429046808670E-20
 -6.167671670612E-01 7.588602839572E-01 2.368611393949E-19
 -4.626931736387E-01 6.837584683875E-01 5.128566613269E-19
 -4.785739668537E-01 8.714893635999E-01 3.359643340759E-19
 -2.720248037147E-01 7.699249330320E-01 7.279586720180E-19
 -2.947396676023E-01 9.462027985957E-01 5.009895872047E-19
 3.657984082931E-03 8.062196960385E-02 1.495940128374E-18
 3.013691883779E-02 7.660387290217E-02 1.850901502161E-18
 2.487024151017E-02 1.052594008783E-01 1.867175339553E-18
 -1.443104582852E-01 1.794092987870E-01 8.663097019531E-19
 -8.553488413382E-02 1.471622127599E-01 1.023049407666E-18
 -7.042403159135E-02 2.037756235987E-01 1.278782592161E-18
 5.269820102062E-02 6.866385805128E-02 2.199724624409E-18
 5.183307666991E-02 4.924649552268E-02 2.194548386096E-18
 7.124644754047E-02 5.723216938149E-02 2.470486012826E-18
 -6.229721477528E-01 6.111865155758E-01 2.979479048225E-19
 6.177450354853E-02 2.421094965826E-01 2.118730176018E-18
 1.239632913618E-01 3.068087514943E-01 2.267603921295E-18
 3.739312015296E-02 3.261497994273E-01 1.861602966652E-18
 1.757361136704E-01 6.962960488620E-02 3.333232699087E-18
 1.580817658676E-01 7.057133009964E-02 3.233501113828E-18
 -4.187296681311E-01 1.021271024889E+00 2.329023716539E-19
 -3.025013575863E-01 1.077856449181E+00 2.911775307602E-19
 2.180785004998E-01 7.167085898537E-02 3.493331555793E-18
 2.041103105396E-01 7.045554870958E-02 3.454238543629E-18
 2.098892671208E-01 8.976030880581E-02 3.369717433019E-18
 1.856995201877E-01 1.038438106748E-01 3.200303163526E-18
 1.894519533417E-01 7.935013721160E-02 3.344554695755E-18
 2.320198337287E-01 1.048993123602E-01 3.364948315092E-18
 2.310304865680E-01 8.120722842048E-02 3.482730261719E-18
 2.509185106074E-01 8.963554582242E-02 3.479673505533E-18
 -2.240474105972E-01 1.191231248349E+00 2.130347245685E-19
 2.648676486214E-01 7.504067385088E-02 3.581530286519E-18
 2.080255948483E-01 1.198005929993E-01 3.215857425616E-18
 2.462182430391E-01 7.295250241483E-02 3.559756452859E-18
 4.844654836390E-02 1.142224249971E+00 4.920079884444E-19
 -1.397553388129E-01 1.057829950367E+00 5.089609703738E-19
 5.601737721831E-02 9.395975466921E-01 8.526110196871E-19
 3.307358519407E-01 7.357728778120E-02 3.594970875739E-18
 3.157144035746E-01 8.187061466049E-02 3.563154839800E-18
 3.682529023153E-01 7.630043858316E-02 3.536017470336E-18
 3.485823887287E-01 7.630522628423E-02 3.564691193726E-18
 3.743410286550E-01 1.194249379271E-01 3.339725865327E-18
 3.933639120159E-01 1.540620881155E-01 3.180748807658E-18
 3.519850960797E-01 1.512725098553E-01 3.231613452369E-18
 4.214095282175E-01 6.893978950197E-02 3.454533301630E-18
 4.065705116444E-01 7.735631863844E-02 3.457731017591E-18
 4.262000972807E-01 1.105601697574E-01 3.287480450453E-18
 3.999093415768E-01 9.831264103064E-02 3.385927602039E-18
 4.227773530762E-01 8.758464491282E-02 3.380895007060E-18
 4.563340820072E-01 4.159279517591E-01 2.216229838911E-18
 5.232688901085E-01 6.075807099592E-01 1.663684579435E-18
 3.499969046486E-01 5.527535241615E-01 1.905456902296E-18
 4.910012776209E-02 1.298176573887E+00 2.290434058342E-19
 1.971630867546E-01 1.245263796904E+00 3.712669118221E-19
 1.823727697966E-01 1.367365565370E+00 1.675834924081E-19
 2.459796597422E-01 9.605073559123E-01 9.092648061295E-19
 2.131916277091E-01 1.091459174232E+00 6.460304517421E-19
 4.547586062683E-01 7.319744067406E-02 3.341186723069E-18
 4.373623858580E-01 7.556893070538E-02 3.385126585228E-18
 5.167741282072E-01 6.627080947032E-02 3.137200648779E-18
 4.952765280734E-01 7.008756300459E-02 3.211793310853E-18
 4.347495686163E-01 1.426768052926E-01 3.160472173973E-18
 4.057127896290E-01 1.250073284247E-01 3.270870979890E-18
 7.121996701917E-01 1.313395364322E+00 2.497128892819E-19
 5.123412060422E-01 1.336214349795E+00 2.547192151588E-19
 5.610782104758E-01 1.141507465575E+00 5.646596243964E-19
 5.796777735578E-01 6.237295475319E-02 2.862156479621E-18
 5.315038194130E-01 9.984214877794E-02 2.996289584504E-18
 5.110068136503E-01 8.566142440443E-02 3.112312940261E-18
 5.318728283507E-01 7.754362457579E-02 3.045857660995E-18
 5.725154742975E-01 7.794505109276E-02 2.863518188694E-18
 5.604577412303E-01 6.474080875959E-02 2.948672414170E-18
 6.487801586791E-01 5.797594866718E-02 2.506556356003E-18
 6.803595377525E-01 5.428426425113E-02 2.331476028028E-18
 6.691002025118E-01 6.786704557294E-02 2.373328971381E-18
 6.631321725867E-01 5.203660887107E-02 2.435454418788E-18
 6.848189975050E-01 1.269540455130E-01 2.188003792285E-18
 6.482301655963E-01 1.314347835886E-01 2.378590102449E-18
 6.535294012374E-01 1.041063464713E-01 2.397483101813E-18
 7.185539604082E-01 1.687725905190E-01 1.935749808187E-18
 6.935961674134E-01 2.382702436787E-01 1.959370815019E-18
 6.634848686014E-01 1.703946487820E-01 2.225849316225E-18
 7.149767143177E-01 6.128714373744E-02 2.113271382896E-18
 6.979165486247E-01 5.281491635430E-02 2.229495055918E-18
 6.945864720227E-01 7.371414033165E-02 2.215592048261E-18
 7.215288542894E-01 8.498234899349E-02 2.038607557184E-18
 7.017375183653E-01 9.912449982439E-02 2.133394668414E-18
 7.880780189009E-01 4.406682467592E-02 1.668996527909E-18
 8.301027155198E-01 1.441434844550E-01 1.315303057213E-18
 7.749132262453E-01 1.495897420143E-01 1.638003707947E-18
 8.045228759773E-01 1.094787017354E-01 1.498853265051E-18
 8.086997825791E-01 4.166829408842E-02 1.531740162537E-18
 8.822550585727E-01 1.310145666465E+00 1.981148630335E-19
 7.319858330902E-01 1.175174329143E-01 1.930017085039E-18
 8.470534627271E-01 3.533430717782E-02 1.267713673891E-18
 8.395310465033E-01 4.930908183584E-02 1.311943461325E-18
 8.285337656078E-01 3.807388814049E-02 1.397230681649E-18
 8.672571965159E-01 3.300254257947E-02 1.123567961820E-18
 9.008578238294E-01 3.604319407847E-02 8.769541670707E-19
 8.849938100005E-01 3.034968954807E-02 9.946289066126E-19
 6.196037992149E-01 4.260751209944E-01 1.847697797093E-18
 7.044082187593E-01 5.930883896513E-01 1.344838247427E-18
 1.306083856133E+00 1.019739942599E+00 1.593491392979E-19
 1.184193078829E+00 9.020642811873E-01 3.232309035064E-19
 1.300755302551E+00 8.204521034312E-01 2.387396664083E-19
 9.125455891549E-01 2.644244887125E-02 7.927037740456E-19
 9.292590219126E-01 2.746893865688E-02 6.696718034651E-19
 9.248099819115E-01 8.719011615272E-02 7.205649887983E-19
 9.254910760054E-01 1.196645594351E-01 7.425519485523E-19
 9.012524149475E-01 1.006366361628E-01 8.813091727262E-19
 1.604975642175E+00 7.931482263379E-01 5.469613826047E-20
 1.010085667228E+00 1.365383982537E-03 -1.505206340395E-07
 1.015456048651E+00 -6.721952588697E-04 -1.715560028392E-07
 1.472350562150E+00 9.134806756744E-01 9.128424374425E-20
 1.707285667808E+00 6.837768302704E-01 3.042411922189E-20
 1.773712251992E+00 1.289804542614E-01 1.159857094393E-21
 1.604149870003E+00 4.478025086236E-02 -9.560694819135E-21
 1.719066382916E+00 5.096483034244E-01 3.408213890371E-20
 1.666198916395E+00 3.192429519929E-01 3.263795797011E-20
 1.824628479048E+00 3.203729456482E-01 1.159798085114E-20
 1.001860172922E+00 -6.437632672357E-03 -1.880972552461E-07
 1.001435526367E+00 -2.407652370012E-03 -7.914772231320E-08
 1.892870966981E+00 2.049656941227E-01 1.707931138644E-21
 6.237067429913E-01 -1.220231033952E+00 -4.109025957712E-19
 -3.938242879272E-01 -1.058613620052E+00 -1.813853359365E-19
 -4.335536794739E-01 -9.606295753147E-01 -2.528155428677E-19
 4.833386330455E-02 -5.526767509877E-02 -2.129632651308E-18
 8.685118776873E-01 -3.503796065024E-02 -1.128443816934E-11
 1.306174294191E+00 -9.024292457946E-01 -2.236909686248E-19
 1.225631014268E+00 -7.542913995477E-01 -3.589969485623E-19
 8.013648536668E-01 -9.916313889997E-01 -6.459178199029E-19
 8.027175625523E-01 -8.525288384792E-01 -8.410931555092E-19
 6.786803343105E-01 -9.018403593886E-01 -9.071461473242E-19
 1.227783617271E+00 -1.153951548001E+00 -1.251966861682E-19
 -3.134186371216E-01 -6.014468311480E-01 -7.943579929946E-19
 -5.183268383225E-01 -5.391505179998E-01 -4.654120342601E-19
 1.296125451477E+00 -4.556810451901E-01 -2.815740583308E-19
 1.402359800499E+00 -5.607097882353E-01 -2.036119586515E-19
 1.456170374346E+00 -4.338875786758E-01 -1.510579917606E-19
 -6.009235370714E-01 -9.310577729870E-03 -5.413205030355E-20
 9.190424394971E-02 6.218382520265E-02 2.719994025581E-18
 1.453601094841E+00 -2.110607639370E-03 -2.509561471241E-20
 1.347612941948E+00 9.714041043856E-02 2.486421874636E-20
 1.294488542578E+00 -2.873484784849E-02 -4.912515514045E-20
 6.332352586462E-01 6.726852572150E-02 2.577335963645E-18
 8.143486756748E-01 1.139138563288E+00 4.470303081774E-19
 1.005587806972E+00 2.691889281767E-03 -9.120022417301E-08
 1.005044768766E+00 9.318126488211E-03 -5.421069573270E-08
 1.012605197511E+00 1.230991928499E+00 2.020768512579E-19
 2.004769104333E-01 4.949567139495E-01 1.901529959959E-18
 2.008425858501E-02 5.785863821904E-01 1.436819646321E-18
 9.242974474042E-02 4.097927509741E-01 1.900213164440E-18
 3.676411880842E-01 8.946859157491E-01 1.076654937174E-18
 3.726678341789E-01 1.048219113018E+00 7.695075188846E-19
 9.886134764598E-01 1.042853359712E+00 4.074935216494E-19
 1.166959396231E+00 1.143839907367E+00 1.778197911454E-19
 8.384239808001E-01 9.626305726635E-01 6.448268757036E-19
 8.783184231601E-01 8.512185418613E-01 7.229234131745E-19
 9.308194379697E-01 9.349097189948E-01 5.712137913725E-19
 8.179480661465E-01 7.848357599986E-02 1.437582864096E-18
 8.459719545702E-01 9.930226268248E-02 1.241170024716E-18
 1.040169720663E+00 6.755068235218E-01 6.029367396458E-19
 1.147991359636E+00 7.923931323831E-01 4.056755203045E-19
 1.027343777103E+00 8.686100810326E-01 5.132793875192E-19
 1.354593962316E-01 2.341029591992E-01 2.471609633736E-18
 1.731961754944E-01 1.828064095329E-01 2.804219565796E-18
 2.062612223337E-01 2.557949395451E-01 2.651529323197E-18
 3.638054666382E-01 7.295854611471E-01 1.459455069537E-18
 2.203802715205E-01 8.285750298709E-01 1.201520103159E-18
 2.076342145726E-01 6.570557221544E-01 1.526035335710E-18
 7.824404492661E-01 -8.686872587270E-02 -1.687835102514E-18
 7.702193690099E-01 -6.343512267290E-02 -1.780784434282E-18
 1.069030917877E+00 -7.431126590671E-01 -5.672829920650E-19
 9.391306103699E-01 -7.987274373500E-01 -7.180345871639E-19
 6.494415460038E-01 -6.257367439314E-01 -1.372655028950E-18
 5.090726140254E-01 -5.264067959929E-01 -1.772588165554E-18
 5.002033082014E-01 -6.831813599787E-01 -1.479948400077E-18
 9.912066017732E-02 -6.191615810303E-02 -2.794693337852E-18
 -2.897760298675E-01 -1.750361064927E-01 -5.837553023947E-19
 -1.960417071573E-01 -2.963946456447E-01 -1.021714190823E-18
 -1.613898211985E-01 -1.704992784097E-01 -9.088466276810E-19
 -8.511129155740E-01 -1.247101783550E-01 -6.049816074329E-20
 1.538644925441E+00 -5.705163235291E-01 -1.137023423455E-19
 1.597668847413E+00 -6.780056996442E-01 -8.511332277706E-20
 -2.856629734196E-01 -4.151049549035E-01 -8.878319058027E-19
 -1.303543850327E-01 -4.672177704610E-01 -1.231729417419E-18
 -5.917829603616E-02 -3.228550269532E-01 -1.487848167512E-18
 -1.055342504769E-01 -2.395279098813E-01 -1.293984946846E-18
 1.230128046001E+00 7.736239168470E-02 2.871585198782E-20
 9.835302844490E-01 -2.397007066631E-02 -2.707394152182E-07
 9.687768492021E-01 -2.010370212823E-02 -5.559471416776E-08
 -8.058217288382E-01 4.155776381034E-01 1.068674798359E-19
 -7.498542040491E-01 5.548990078707E-01 1.431674721683E-19
 -4.453408533677E-01 5.021629741806E-01 5.488685358694E-19
 -3.042924575213E-01 4.799620986947E-01 8.026302811028E-19
 -3.030124000151E-01 5.969505800776E-01 8.025387964184E-19
 3.303674683169E-01 1.357967030298E+00 2.151502995741E-19
 6.596113527434E-01 9.503298695740E-01 8.473395850370E-19
 -1.591708878690E-01 6.444980358721E-01 1.017512986339E-18
 -1.714633862481E-01 5.121691222312E-01 1.097646814130E-18
 -2.489005663196E-01 2.261384808320E-01 6.620584447454E-19
 -2.451686891111E-01 3.729759670146E-01 8.892037586585E-19
 6.178006938707E-01 -1.036444508760E+00 -7.100042397815E-19
 5.066283697817E-01 -8.593201560390E-01 -1.076746045455E-18
 2.927226414502E-01 -8.844992476263E-01 -1.064427351436E-18
 4.310291853617E-01 -1.001802812747E+00 -8.348514346799E-19
 5.327918244033E-01 6.242192113682E-02 3.078861242638E-18
 5.447003418035E-01 6.788561226114E-02 3.012955294220E-18
 4.581414549171E-01 -1.144723049194E+00 -5.795321413674E-19
 7.583129373398E-01 -3.514170932908E-01 -1.530070019811E-18
 6.691659383755E-01 -4.722516995578E-01 -1.602314399918E-18
 4.708237423800E-01 -1.713739151144E-01 -2.995253059742E-18
 4.732544819271E-01 -1.373029672122E-01 -3.118045219846E-18
 4.446582518900E-01 -1.410973283106E-01 -3.190717809917E-18
 1.355565842830E+00 -1.059080534921E+00 -1.046106514877E-19
 -1.503054743347E-01 8.936091340134E-01 7.725550054669E-19
 -6.943810795204E-02 7.648591618295E-01 1.022601002809E-18
 -7.646271314943E-02 -9.505648475631E-01 -7.002643522015E-19
 -2.311110101214E-02 -7.819346600697E-01 -1.030390682532E-18
 -1.290980554850E-01 -7.331000396985E-01 -9.712016855292E-19
 -3.823835199962E-01 -8.734346508138E-01 -4.126023641272E-19
 3.166246154121E-01 4.084959113777E-01 2.280079010317E-18
 2.067875273038E-01 3.630477358464E-01 2.284552736331E-18
 5.089342594677E-01 8.197817550822E-01 1.198310716185E-18
 6.569025441119E-01 7.610603400189E-01 1.153385071065E-18
 8.803560360427E-01 -3.215174978776E-01 -1.121156251243E-18
 6.047212028843E-02 -4.194449791176E-01 -1.771986710515E-18
 1.306554590894E-01 -9.636858376874E-01 -8.343048700056E-19
 2.718217784645E-01 -1.083037999049E+00 -7.013484689487E-19
 1.153505958073E+00 2.404195588088E-01 2.727538312147E-19
 1.290231043205E+00 2.952599017527E-01 1.910339719280E-19
 1.167568133393E+00 4.030590589360E-01 3.845191605648E-19
 4.978744222627E-01 9.752381912198E-01 9.119608967182E-19
 -1.316646879107E-02 1.084592354753E-01 1.431561708815E-18
 -2.713148598936E-02 7.490629768242E-02 1.090432536494E-18
 1.134503332167E+00 9.966554877259E-01 3.149040606923E-19
 1.199876427612E+00 6.757103414491E-01 3.742708915498E-19
 9.892077774814E-01 4.724260220621E-01 7.390695587810E-19
 1.130350807661E+00 5.541823052102E-01 4.794020365036E-19
 8.685679794884E-01 6.090228474249E-01 9.599323844451E-19
 7.983236625883E-01 7.364184225585E-01 9.678903795436E-19
 2.913838681139E-01 3.006014750704E-01 2.644954604181E-18
 3.828430954206E-01 -4.180050295461E-01 -2.220170626842E-18
 2.305599802534E-01 -4.025850546369E-01 -2.196269816366E-18
 3.124403098696E-01 -3.148708354803E-01 -2.557454342258E-18
 4.177239971796E-01 -2.968499789956E-01 -2.609716694810E-18
 -8.672077356262E-01 2.833622202717E-01 5.867959077250E-20
 -3.564769588647E-01 4.155518499695E-01 6.748935004381E-19
 9.550132393800E-01 -1.231904451145E+00 -2.361053119689E-19
 8.732844413244E-01 -1.314256146078E+00 -1.783594127976E-19
 -7.912060281960E-01 -2.822805348260E-01 -1.345719764398E-19
 -4.534802345448E-01 3.747223017721E-03 -4.699803548070E-20
 -6.249223524473E-01 -4.069256110146E-01 -3.204982995345E-19
 1.473330109785E+00 3.247290125919E-01 8.397737531466E-20
 1.369344374827E+00 2.074142605734E-01 8.919168185355E-20
 1.475456683288E+00 1.431961913192E-01 2.709973198847E-20
 1.614589618739E+00 -4.278731453627E-01 -7.783312503798E-20
 -2.641510941259E-01 -8.174087460615E-01 -6.367356288603E-19
 -3.976218057408E-01 -7.658824083725E-01 -5.096702729262E-19
 1.149281256461E+00 -1.275853006986E-01 -1.981228842830E-19
 1.250054109658E+00 -1.643537455879E-01 -1.483354291492E-19
 1.002056547635E+00 -1.498453951904E-02 -2.832842646448E-07
 9.983451866763E-01 -2.661923283164E-02 -3.063388466360E-07
 1.011373384016E+00 -2.350590638144E-02 -2.337893684075E-07
 5.671600555130E-02 1.690351578478E-01 2.211098476959E-18
 1.670877170429E-04 1.967086558058E-01 1.727419636927E-18
 1.577774207822E-02 1.416574853137E-01 1.814094343827E-18
 9.106147561024E-02 7.578772216071E-01 1.251430332986E-18
 2.816218111535E-01 -2.507491850412E-01 -2.787187410919E-18
 2.297121016900E-01 -2.833316723075E-01 -2.584768959003E-18
 1.598569566293E+00 1.921857722056E-01 2.706284550970E-20
 1.569375771754E+00 -1.205487733337E-01 -4.537157635144E-20
 1.697076790163E+00 -2.672919424140E-01 -4.505456316221E-20
 1.009014352952E+00 -5.109327672737E-01 -7.369180082166E-19
 1.125238534020E+00 -6.038173693872E-01 -5.279018882056E-19
 7.916084489234E-01 -7.130414376414E-01 -1.020899535807E-18
 6.535360172886E-01 -7.750324079684E-01 -1.124176102097E-18
 1.839935111747E+00 -3.238855248716E-01 -1.988395874855E-20
 9.524979523592E-02 -8.164328028680E-01 -1.098166883594E-18
 -5.877522860282E-02 3.905519403449E-01 1.434744754255E-18
 -5.171927274284E-01 -6.822465570006E-01 -4.009138318385E-19
 -1.387511270723E-01 -6.073513978642E-01 -1.087304726186E-18
 -6.144068919860E-02 -4.857564722419E-02 -7.006753396712E-19
 -3.566853115097E-02 -5.223410100678E-02 -9.273454363241E-19
 -4.099065988779E-02 -3.316834315643E-02 -6.465306321548E-19
 -2.095936724799E-01 -7.298913113010E-02 -4.090456575953E-19
 -7.749946355667E-02 1.208130516672E+00 3.337414049173E-19
 3.626700453018E-01 1.206734394649E+00 4.716139530523E-19
 1.207877911527E+00 -3.099457401580E-01 -3.604188063076E-13
 7.983285433313E-01 4.326482664275E-01 1.302172608389E-18
 8.380112007246E-02 -1.082830838679E+00 -5.920884680154E-19
 -3.356828286061E-01 -4.398770934664E-02 -1.832451032298E-19
 -3.427042599122E-02 1.482723795851E-01 1.367680153877E-18
 7.632179704337E-01 8.540872480357E-01 8.706833230763E-19
 8.052509427480E-01 -1.162915058298E+00 -4.166368604116E-19
 7.966207984357E-01 2.831104826237E-01 1.422695817137E-18
 7.595608580249E-01 2.082375839014E-01 1.665181876945E-18
 8.179548184509E-01 1.998801396840E-01 1.364151077573E-18
 9.185268395763E-01 7.500331683590E-01 7.555798380739E-19
 9.146138297892E-01 3.261286277089E-01 9.357550238671E-19
 1.040135160754E+00 3.155464454369E-01 5.716625041336E-19
 -6.884459112538E-01 -1.402494976784E-01 -1.401495981054E-19
 1.101502232935E+00 1.499892559950E-01 1.699992525326E-19
 1.048902715368E+00 2.110082492710E-01 3.992167946306E-19
 1.452724925013E+00 5.442116905972E-01 1.371557956708E-19
 1.328509301557E+00 4.213808604961E-01 2.167791646343E-19
 1.459350576636E+00 7.284131657877E-01 1.388437451045E-19
 1.335547498664E+00 6.642582348885E-01 2.351042238632E-19
 8.959029386923E-01 -2.209221993885E-01 -1.053776660629E-18
 8.038774595623E-01 -2.434945102057E-01 -1.469786131324E-18
 1.589749529260E+00 6.349280637969E-01 7.608240268014E-20
 1.588443464950E+00 5.359277683638E-01 7.690386052699E-20
 1.704322767391E+00 -7.032596239615E-01 -3.911865870895E-20
 1.287183975173E+00 -6.093978194454E-01 -3.061844228543E-19
 6.344145293049E-01 -3.341590494762E-01 -1.977260307747E-18
 5.195637376509E-01 -3.893233464223E-01 -2.137683184093E-18
 1.260091095910E+00 1.767457867648E-01 1.189831112903E-19
 4.534243463787E-01 3.027025267048E-01 2.579785926669E-18
 5.313329038226E-01 3.142833622558E-01 2.379494132559E-18
 5.534686686038E-01 8.482693640165E-02 2.936211607920E-18
 6.198921990680E-01 2.081453547742E-01 2.377932542400E-18
 7.472357935548E-01 4.902357317871E-02 1.930749380213E-18
 7.376120789508E-01 6.721465543951E-02 1.966677010679E-18
 7.286357132982E-01 4.885657612627E-02 2.047912712081E-18
 1.213475336953E+00 -5.295324640493E-01 -3.950954417655E-19
 -2.686326288179E-02 2.722671361233E-01 1.588876063475E-18
 3.382927123789E-01 -1.780086796444E-01 -3.165620369517E-18
 3.939671667026E-01 -2.128433284525E-01 -2.963304843728E-18
 3.843012357250E-01 -1.608405491855E-01 -3.207708805213E-18
 5.141483320291E-01 -2.001943288408E-01 -2.765227133889E-18
 5.335107592724E-01 -2.726866079189E-01 -2.453514440232E-18
 5.581306213633E-01 -6.367305257245E-02 -2.959341757807E-18
 1.138377117972E+00 7.659480974108E-02 -1.774841769898E-10
 1.118326195416E+00 1.626065234368E-02 -1.232141465295E-20
 1.071663853054E+00 -1.298732756157E-01 -3.023201242135E-19
 1.132456885102E+00 -2.053533105160E-01 -2.582999523081E-12
 9.470721846204E-01 -8.733914669595E-02 -2.365751891245E-09
 9.164995591667E-01 -9.979281232856E-02 -1.847877497431E-10
 9.512148344525E-01 -1.216377195642E-01 -2.155857077394E-10
 1.125105977763E-01 1.000414936817E-01 2.778369082401E-18
 1.220536142478E-01 7.590183169719E-02 2.950464860438E-18
 1.416663923352E-01 9.034124492675E-02 3.032728668766E-18
 -1.313150285151E-01 2.743073009804E-01 1.111976254835E-18
 -9.071608229985E-02 -7.907810854643E-02 -8.040390195312E-19
 -1.055657234809E-01 -1.288324509256E-01 -1.007089510078E-18
 1.242550659264E-02 5.536117950937E-02 1.463899705981E-18
 -1.059396349117E-02 3.771539161816E-02 8.807123571590E-19
 1.006449659653E-02 3.323336360465E-02 1.219882086914E-18
 -2.900591724913E-02 -2.315589168546E-01 -1.652659362335E-18
 -2.948940604838E-01 -9.688774960708E-01 -4.084521017426E-19
 3.151935272201E-01 1.377944942934E-01 3.295133947038E-18
 3.223027162063E-01 1.824581361502E-01 3.109449444187E-18
 3.786165576940E-01 3.183623482121E-01 2.580582526844E-18
 -1.412601130136E-01 -9.905703563995E-02 -7.048157347129E-19
 1.428103974865E-01 -3.024331734460E-01 -2.292505890783E-18
 2.402672625490E-01 -2.146242890142E-01 -2.869078685814E-18
 1.583015790869E+00 4.496881386154E-01 6.588148816872E-20
 4.539436341051E-02 -2.829859397600E-01 -1.955014377137E-18
 9.670125504204E-01 2.402371558350E-01 6.986606557434E-19
 1.004098397857E+00 6.548117203570E-02 -1.531519219464E-09
 1.029540179231E+00 4.732632904932E-02 -4.667622568108E-09
 1.033658788303E+00 8.399622465572E-02 -1.408001408345E-09
 1.036551948739E+00 -2.007054179320E-01 -1.297506621448E-11
 1.094526591770E+00 -2.255750502075E-02 -8.428698504678E-20
 1.108355843468E+00 -7.252979850391E-02 -1.609313235281E-19
 8.813230067189E-01 2.337372075101E-01 1.049340166820E-18
 8.659856831893E-01 1.773341509742E-01 1.103448109455E-18
 9.261294218102E-01 1.728180668967E-01 8.074995111617E-19
 5.558719192542E-01 2.243247173235E-01 2.577534050203E-18
 6.178565915322E-01 2.892674834836E-01 2.221734568458E-18
 7.028701267409E-01 3.335307297255E-01 1.768476719672E-18
 6.158177216175E-01 1.487908746185E-01 2.515448837011E-18
 5.806922186898E-01 1.765610355126E-01 2.632804731418E-18
 9.733773710452E-01 -2.679667052780E-01 -9.509504069835E-12
 7.794398737109E-01 -1.199572030004E-01 -1.692338293981E-18
 4.099668585161E-01 2.453689107911E-01 2.819084971577E-18
 4.807306680385E-01 2.334449256590E-01 2.739964162575E-18
 3.405226889750E-01 1.175789949908E-01 3.383896937604E-18
 -2.349708468184E-01 2.642635849750E-02 3.617518692390E-20
 -1.536011307183E-01 5.410144569684E-02 2.643153368939E-19
 -2.054481176723E-01 1.153609385648E-01 4.474259383048E-19
 1.175794245872E+00 1.435214664853E-01 1.202123194541E-19
 4.586406350004E-01 -2.226258747846E-01 -2.835452275263E-18
 3.291538379184E-01 -1.117707900825E-01 -3.430642632074E-18
 3.488402645287E-01 -1.007816137986E-01 -3.469222449790E-18
 3.306453192648E-01 -9.015194983365E-02 -3.526034838008E-18
 1.074355094515E+00 9.425521884147E-02 -4.504677956198E-10
 1.034226307966E+00 1.355724643387E-01 -1.894275978823E-10
 5.834883138524E-01 -1.634749885921E-01 -2.616392954625E-18
 5.446682315626E-01 -1.729233788425E-01 -2.754846691296E-18
 6.573214778998E-01 -1.662113792881E-01 -2.285874988631E-18
 6.745756910881E-01 -2.046647119319E-01 -2.118539994288E-18
 9.863174845301E-02 8.120111817156E-02 2.731829024257E-18
 1.097176582860E-01 6.405669921621E-02 2.900154472221E-18
 4.417370394354E-02 -2.038272616373E-01 -2.061255374108E-18
 1.368588818066E-01 -1.046462403885E-01 -2.907734772979E-18
 9.602147231887E-01 -1.806158197759E-01 -4.191944378085E-11
 1.004204014464E+00 -1.343589180975E-01 -3.593095167818E-11
 -2.112513191280E-02 1.868613615955E-02 3.963124270089E-19
 -3.681442674787E-02 6.966944165644E-03 7.978190367489E-20
 -1.734156870847E-02 2.499640803332E-03 1.003519587773E-20
 9.897818382723E-01 1.774282609745E-01 -5.279423767280E-11
 3.386018957000E-01 -2.424349859471E-01 -2.860427240837E-18
 8.817859641678E-01 1.294997241899E-01 1.017498938436E-18
 8.785802066676E-01 9.408290074385E-02 1.025833106518E-18
 7.054279188626E-01 -2.658031262025E-01 -1.870659261430E-18
 8.494528356649E-01 -1.785870395054E-01 -1.269500846440E-18
 7.249084616585E-01 -5.394447263282E-02 -2.074186006266E-18
 1.004761773283E+00 9.996176039975E-02 -3.323775519140E-10
 3.423500201640E-01 2.430998476216E-01 2.860572127753E-18
 4.279723986054E-01 1.887114744641E-01 3.005975544774E-18
 1.682393212627E-01 8.761909860818E-02 3.196842680904E-18
 -1.679228290695E-01 -2.900109934552E-03 -9.020287034798E-20
 2.782427157491E-01 2.191163674547E-01 2.950210650422E-18
 7.393604446207E-01 -1.964493442049E-01 -1.837432976339E-18
 3.233220636495E-01 -1.373903346319E-01 -3.320915065578E-18
 3.006361066842E-01 -1.157340422443E-01 -3.401020220316E-18
 2.958187082351E-01 -1.529717439852E-01 -3.230099424411E-18
 1.798011329324E-01 -2.243255537247E-01 -2.670561941215E-18
 1.098969575987E-01 -2.223189425383E-01 -2.389972825141E-18
 9.536647272648E-02 -1.670976805025E-01 -2.433618216291E-18
 1.925926846563E-01 -1.329338051705E-01 -3.096320740879E-18
 1.851214944243E-01 -1.065535477380E-01 -3.186693413943E-18
 4.865191352259E-01 8.914004583254E-02 3.188851013552E-18
 4.743635767538E-01 7.099811938083E-02 3.283927543344E-18
 4.731761004349E-01 1.715897593272E-01 2.980807847217E-18
 5.133701492580E-01 1.871337287466E-01 2.837066665029E-18
 5.079982292021E-01 -1.507230893806E-01 -2.961172242809E-18
 -5.829988309409E-02 5.017825988604E-02 5.955035934349E-19
 -2.822012743375E-02 5.058625527989E-02 8.457809627634E-19
 3.712468925968E-02 4.224281145443E-02 1.904781000453E-18
 3.424131688917E-02 5.627955249647E-02 1.879693808209E-18
 5.903182983447E-01 -1.232104008146E-01 -2.684165663629E-18
 6.240633589466E-01 -1.491359414730E-01 -2.486336375193E-18
 5.755504417933E-01 -6.314138811186E-02 -2.877613683544E-18
 7.475522063366E-01 -1.421880430825E-01 -1.858091747359E-18
 8.475820564107E-01 -9.828430574434E-02 -1.865057318403E-11
 -4.452152628514E-02 -7.688831809779E-02 -1.083714463986E-18
 -1.023927461389E-01 1.149042228260E-02 3.428441595241E-20
 9.762472049061E-01 5.402208865014E-02 -7.525257957519E-10
 9.941092628511E-01 4.562073312634E-02 -3.285889384517E-09
 1.000487829897E+00 -1.882220239604E-04 -2.008674882961E-08
 1.000206122429E+00 -6.104540658218E-05 -9.331686679048E-09
 1.000290167319E+00 -3.580820673651E-04 -1.326238508471E-08
 8.998124166687E-01 -1.466620487332E-01 -9.839416173653E-19
 8.887121399053E-01 -3.340582268131E-02 -9.762035423003E-19
 9.104450038128E-01 -3.028869977024E-02 -1.028114875634E-09
 1.075400253040E+00 8.263323416740E-03 -9.968676860711E-10
 1.060969516032E+00 -1.898876920881E-02 -2.585644314831E-09
 1.030373904115E+00 -5.632915171488E-02 -2.340340412423E-19
 1.025988580434E+00 -3.082677156686E-02 -8.227276787440E-08
 1.009840689904E+00 -3.869667624754E-02 -5.652775341204E-08
 5.777730785394E-01 9.880704185506E-02 2.798676234104E-18
 5.446886581638E-01 1.651398325563E-01 2.811321764270E-18
 5.720186580971E-01 1.334521990123E-01 2.767592826500E-18
 7.632895088129E-01 7.026457980245E-02 1.801504493301E-18
 7.676632079244E-01 4.736404926618E-02 1.799888642964E-18
 7.823860324358E-01 6.025993121386E-02 1.689276177367E-18
 3.246279817853E-02 -4.262273790539E-02 -1.830249999824E-18
 9.759482646247E-01 1.859300154651E-02 -1.036294321655E-09
 9.667767583061E-01 3.345303071812E-02 -9.760472418435E-11
 9.579119362215E-01 1.958953127797E-02 -1.952094446652E-11
 9.726381957965E-01 1.275053685311E-01 -7.454359238702E-11
 3.735874047044E-01 1.926918480511E-01 3.059150569307E-18
 2.292509699551E-01 1.823261919049E-01 3.020197156301E-18
 2.346087037068E-01 1.386346627313E-01 3.206408755730E-18
 2.734337084268E-01 1.547939263530E-01 3.201396142836E-18
 2.905736076993E-01 -1.996836636419E-01 -3.020023837035E-18
 9.502176156330E-01 9.849358080542E-02 5.787963088819E-19
 9.824937073564E-01 -8.948621401036E-02 -6.671640681792E-09
 1.025370587763E+00 -9.256430593182E-02 -3.341535452665E-19
 1.059678200226E+00 -8.050155023999E-02 -2.338075094030E-19
 1.065931705863E+00 -4.793039811976E-02 -1.546753811717E-19
 -1.242401214791E-01 1.097112359862E-01 6.745655740064E-19
 -1.353510624776E-01 -4.491244546616E-02 -3.967819140759E-19
 5.077999737522E-01 1.492112467786E-01 2.964821346245E-18
 8.572410289712E-01 5.044970125985E-02 1.186375616005E-18
 6.997384265520E-01 -1.583908020814E-01 -2.088997474721E-18
 -1.173544392316E-02 -9.409919427308E-02 -1.489608107554E-18
 -9.719503101147E-03 5.982937389165E-02 1.160081287603E-18
 4.714839038658E-01 1.064356646352E-01 3.187491964178E-18
 4.477734905302E-01 9.433526638884E-02 3.291440013152E-18
 4.661299910329E-01 8.684552237223E-02 3.263089856834E-18
 4.735714838313E-01 1.339867764194E-01 3.110097347893E-18
 2.849884469235E-01 7.458713020863E-02 3.597333821565E-18
 6.241039776814E-01 1.082567082225E-01 2.548355138527E-18
 6.145768719303E-01 7.970793699717E-02 2.651121674642E-18
 5.994717810840E-01 6.156391000856E-02 2.765078021900E-18
 6.167537875256E-01 5.891775812210E-02 2.680852130367E-18
 1.426417516214E-01 1.431368947743E-01 2.816913921531E-18
 1.790197236745E-01 1.352889767392E-01 3.025194647464E-18
 1.084882279546E+00 4.711577251370E-02 -7.919214435886E-10
 4.276096090020E-01 -1.745881410948E-01 -3.074458144965E-18
 3.481539780004E-01 -7.829352594552E-02 -3.563719572764E-18
 -4.774321641743E-03 1.824299576708E-02 5.946161636754E-19
 -9.978576308036E-02 6.513190271817E-02 5.035269060701E-19
 6.086980668660E-01 -9.256483215463E-02 -2.656820250217E-18
 7.111382863227E-01 -1.131256047937E-01 -2.086346669475E-18
 2.000994890468E-01 -9.197874771883E-02 -3.329647719916E-18
 2.086784680985E-01 -1.712199535631E-01 -2.967924510397E-18
 1.121017884195E-01 1.829951988413E-01 2.515965182375E-18
 5.500533064840E-01 -1.327450858151E-01 -2.830797641300E-18
 5.421592182239E-01 -9.909921853132E-02 -2.947421786240E-18
 8.098506299576E-02 -9.334252373908E-02 -2.487273737519E-18
 4.531958886408E-02 -1.504473352569E-01 -2.095420254283E-18
 8.345290804507E-02 -1.254484035983E-01 -2.424171507088E-18
 4.566631095188E-01 -1.084451306903E-01 -3.245989148008E-18
 -1.593261406701E-02 -6.560199714636E-02 -1.259273012369E-18
 -9.014081458004E-03 -1.527713147019E-02 -5.611258606503E-19
 -1.545716631629E-02 -3.693619940916E-02 -9.465337334387E-19
 -8.253627325032E-04 -2.625809760097E-02 -9.863822142279E-19
 5.830282971942E-01 -9.666443041209E-02 -2.769945932236E-18
 5.651668775495E-01 -1.072069744953E-01 -2.828866556586E-18
 5.507084177642E-02 1.245853291746E-01 2.198607442227E-18
 9.931528991863E-02 1.335535267909E-01 2.578984867426E-18
 8.328529418289E-01 -7.682542366215E-02 -1.364635146106E-18
 8.631060629529E-01 -7.289561907556E-02 -9.325286073955E-11
 8.427028542063E-01 -5.456315887846E-02 -1.861401909440E-11
 7.935442797164E-01 -6.073799518228E-02 -1.629228106093E-18
 8.797604878698E-01 -1.031246501020E-01 -1.062885313743E-18
 9.268327643130E-01 -6.513476734219E-02 -2.754600105723E-09
 9.592109641497E-01 -6.276049474285E-02 -8.673785892526E-09
 5.292826293118E-02 9.343727687379E-02 2.198975406439E-18
 8.214406105463E-02 1.020287184256E-01 2.500020908870E-18
 7.457016194688E-01 8.795847870893E-02 1.888679240412E-18
 7.694040145292E-01 1.018301165153E-01 1.725765320507E-18
 9.763606296431E-01 8.570924946066E-02 -4.484943597300E-10
 9.502005903835E-01 6.879152634188E-02 5.581852671841E-19
 2.050017571069E-01 1.514990019918E-01 3.058638487646E-18
 1.051621373966E+00 2.888127568685E-02 -9.799570453101E-09
 2.552602783586E-01 -1.640439918120E-01 -3.121544585944E-18
 -6.190286843714E-02 1.000378797886E-01 9.540477507657E-19
 -3.005919132455E-02 -1.467062577778E-02 -3.876241551606E-19
 7.034263885700E-01 -8.535622295890E-02 -2.166489007490E-18
 3.146633262973E-01 1.052618875962E-01 3.449973504008E-18
 2.882536273352E-01 1.154015108147E-01 3.394474201227E-18
 3.347073759880E-01 9.124415595197E-02 3.509514998444E-18
 1.827195768430E-01 -8.548637606966E-02 -3.296507023869E-18
 1.003927653781E+00 -5.265361181124E-02 -3.073551328084E-19
 9.918244352288E-01 -3.947956913535E-02 -1.330409682306E-07
 9.851542306678E-01 -5.838961496334E-02 -3.541043032867E-08
 2.585013270849E-01 1.152421258509E-01 3.362910667329E-18
 5.356674535544E-01 1.277139420965E-01 2.921636088423E-18
 5.025765066461E-01 1.134011869546E-01 3.070826157739E-18
 1.010067734610E+00 1.715140854158E-02 -3.073931020795E-08
 1.016999789061E+00 1.341999529827E-02 -5.921120867339E-08
 1.018411048980E+00 2.675508003567E-02 -2.118356913170E-08
 5.982995822644E-01 1.159906444635E-01 2.668559626533E-18
 5.540313991179E-01 1.087913989205E-01 2.887932566581E-18
 -9.013150371781E-02 -3.487518618228E-02 -4.263317596873E-19
 4.132666223137E-01 -1.387478507214E-01 -3.254312075929E-18
 4.304009495203E-01 -1.180963919900E-01 -3.289499066134E-18
 3.880002303363E-01 -9.510433388876E-02 -3.452989179437E-18
 5.928542343140E-01 -5.991449825569E-02 -2.799595789568E-18
 6.074512784955E-01 -6.759223550759E-02 -2.711578692462E-18
 -6.075693847404E-02 -1.330015195720E-02 -2.644469411108E-19
 -5.834584701112E-02 1.772295705324E-02 1.913182434722E-19
 1.588001821737E-01 1.119784638501E-01 3.036735744460E-18
 8.020605357695E-01 6.007336277532E-02 1.559382018844E-18
 8.230915194320E-01 5.583910100991E-02 1.421007991359E-18
 8.979712366661E-01 7.376127710827E-02 8.973517800194E-19
 8.672016041412E-01 7.209499702186E-02 1.107893721996E-18
 6.014798361743E-01 9.547269171562E-02 2.689812081884E-18
 6.357933528443E-01 8.749845149563E-02 2.524544178517E-18
 2.340447068230E-01 -7.884563828364E-02 -3.494880898128E-18
 1.308732383316E-01 1.161223560506E-01 2.868870309370E-18
 1.077706310031E-01 -1.041339960699E-01 -2.688980837274E-18
 1.013832255956E-01 -8.018155978133E-02 -2.732711952554E-18
 1.622735403474E-01 -9.675204661695E-02 -3.114629211090E-18
 7.474003343822E-01 -6.221119576292E-02 -1.927585996579E-18
 8.081806281633E-01 -7.676228034561E-02 -1.526608714282E-18
 8.835985958666E-01 4.950104037748E-02 9.986741349424E-19
 3.532848384963E-01 -1.314734400035E-01 -3.345042087976E-18
 9.376279484452E-01 4.576871619232E-02 6.230566618020E-19
 9.229110649452E-01 6.144018205955E-02 7.288546732515E-19
 9.182487669097E-01 4.155719224846E-02 7.548684335199E-19
 9.474770937355E-01 3.024092180518E-02 5.401164084317E-19
 4.579200420460E-01 -7.025962741529E-02 -3.350110364320E-18
 6.796130446878E-01 -9.420986797433E-02 -2.288514584777E-18
 3.683680199204E-01 -1.080639104922E-01 -3.423457987417E-18
 3.662263679352E-01 -8.813564861954E-02 -3.503701521242E-18
 8.676272014047E-03 -7.424610842864E-02 -1.608193047018E-18
 4.098578407165E-01 -1.093938228210E-01 -3.361152331909E-18
 4.628617770434E-01 -8.567265993426E-02 -3.290062364431E-18
 2.987510278686E-01 -8.965841374947E-02 -3.523079187685E-18
 5.887428739217E-01 -7.713941499327E-02 -2.783030129570E-18
 5.648749248671E-01 -8.295910551775E-02 -2.882626429392E-18
 4.513491324363E-01 1.182254309745E-01 3.207818426877E-18
 -3.535580149297E-02 3.030195332118E-02 5.021750391261E-19
 8.416622493715E-01 6.733245463153E-02 1.285225219701E-18
 2.443898724505E-02 4.295585315228E-02 1.632417510623E-18
 2.965372143969E-01 9.033126501078E-02 3.519273384067E-18
 2.740111291615E-01 9.337304192638E-02 3.489199311040E-18
 1.054970976969E+00 6.138040326938E-02 -1.276593717082E-09
 7.819465677582E-01 -4.460946378604E-02 -1.715662923183E-18
 6.526368402725E-01 7.897012919824E-02 2.447434050142E-18
 6.757674349193E-01 9.245453136943E-02 2.294752859302E-18
 2.105482140107E-01 -1.071134545269E-01 -3.285239924932E-18
 8.955318198348E-01 -7.432024560708E-02 -5.688890359263E-10
 8.805123280188E-01 -5.356810575987E-02 -6.770662332174E-11
 3.883782107509E-01 7.707465895892E-02 3.496350635628E-18
 3.773403303595E-01 9.367734618070E-02 3.446416366993E-18
 3.854883983055E-01 -1.248245161506E-01 -3.346334698640E-18
 1.404299087233E-01 6.865607057029E-02 3.129855825559E-18
 4.988660577553E-01 -6.990189943543E-02 -3.199833108463E-18
 1.044393020084E+00 -3.422840352350E-02 -2.766786435561E-08
 1.150602771759E-01 -6.700970368064E-02 -2.925144694625E-18
 1.005229135376E+00 -6.935329807678E-02 -3.519340111880E-19
 7.904001845424E-01 8.037399698581E-02 1.616728173544E-18
 3.577328975947E-01 9.585898058150E-02 3.462743635809E-18
 7.488182853019E-02 7.822094779333E-02 2.499130775282E-18
 9.042049999077E-01 -4.997194673128E-02 -1.180693908119E-09
 1.010931527746E+00 -1.303553750943E-02 -2.339247561377E-07
 1.031323440390E+00 -3.172742804474E-03 -8.564186279314E-08
 1.038701393978E+00 -1.706692700716E-02 -5.348090958845E-08
 1.048886508628E+00 1.714146570934E-03 -3.193190731952E-08
 9.556659191553E-01 4.645525674153E-02 -1.700261036430E-10
 9.054444736824E-01 5.242175612959E-02 8.452618703764E-19
 7.094541977808E-01 -6.864110475937E-02 -2.154315465128E-18
 2.330527467250E-01 -9.893752123737E-02 -3.386309998995E-18
 3.021029365743E-01 7.290469083420E-02 3.609485105073E-18
 3.143805531424E-01 -9.741134071560E-02 -3.495835344086E-18
 1.817360345797E-01 -6.859307464160E-02 -3.373404015824E-18
 1.035303074365E+00 1.236871934247E-02 -3.908658908155E-08
 4.103932218872E-01 -6.979806886369E-02 -3.487576237084E-18
 9.935269125152E-01 2.177626175719E-02 -7.829951177531E-09
 9.841522694272E-01 3.422073514254E-02 -2.612823133319E-09
 5.912001095561E-01 7.897751369428E-02 2.771874207657E-18
 8.610862942994E-01 -5.052816352700E-02 -1.617436094291E-11
 6.640794609180E-01 -7.820713211290E-02 -2.395901710714E-18
 1.008645519815E+00 4.089325139209E-02 -5.845223691896E-09
 1.000120904970E+00 4.837207810105E-04 -5.112529524575E-09
 1.000213783918E+00 6.047416529853E-04 -8.661356981034E-09
 1.025182265272E+00 1.671255988378E-02 -4.374886325224E-08
 1.022848296822E+00 5.406308578204E-03 -9.187545696038E-08
 1.006115410401E+00 -9.558743079921E-03 -2.315972798623E-07
 9.893952947113E-01 1.155474792592E-02 -4.671850410470E-09
 1.032172836085E+00 2.624840273214E-02 -1.703952091514E-08
 9.974029222506E-01 3.348641841121E-02 -5.687355082156E-09
 1.010343281078E+00 -3.636976344900E-03 -2.014025973268E-07
 1.006360769742E+00 -1.347701975355E-03 -1.511074545281E-07
 1.006195524710E+00 -5.344080780072E-03 -2.043166760237E-07
 1.009673212807E+00 -7.826324362851E-03 -2.179660646828E-07
 1.003386755727E+00 -2.818233893966E-03 -1.314995859414E-07
 1.002487244039E+00 1.717624330241E-02 -1.925081466263E-08
 9.981116794434E-01 1.202901264067E-02 -1.449300655349E-08
 1.005482539503E+00 2.631059393005E-02 -1.315023869929E-08
 1.000908266657E+00 -3.637469823594E-05 -3.313854074759E-08
 1.000764757115E+00 -6.957494186758E-04 -3.291237051938E-08
 1.001740551959E+00 -1.256296864957E-03 -6.891059168412E-08
 1.001030958927E+00 -1.345247269189E-03 -4.938977501088E-08
 1.000269835964E+00 2.101414710568E-04 -1.178876111733E-08
 1.000314687010E+00 -6.939362853106E-04 -1.500377346860E-08
 1.000658595579E+00 -1.399673578812E-03 -3.445156689410E-08
 1.000605990189E+00 -1.028406732144E-03 -2.898551901369E-08
 1.002929768669E+00 -2.521924454330E-04 -8.661918302837E-08
 1.263213839205E+00 5.448581954567E-01 2.949687017708E-19
 1.000260952313E+00 -1.007427108731E-03 -1.317010917551E-08
 963 960 958
 963 106 107
 748 103 104
 957 102 103
 937 102 957
 102 937 101
 749 105 958
 105 749 104
 108 963 107
 960 963 959
 103 748 957
 957 938 937
 938 953 99
 953 957 747
 954 749 958
 954 960 956
 953 961 99
 957 953 938
 955 954 956
 955 961 953
 963 108 959
 106 963 958
 949 961 955
 959 427 956
 452 946 417
 946 452 961
 947 426 941
 426 158 567
 254 253 870
 253 144 145
 882 767 766
 767 97 765
 377 376 625
 377 78 372
 930 235 231
 235 930 237
 402 401 865
 402 91 400
 412 882 879
 882 412 96
 860 859 891
 859 128 740
 653 652 800
 653 896 651
 788 729 786
 729 788 730
 934 433 187
 433 934 905
 226 230 227
 226 910 229
 345 907 915
 907 353 347
 184 186 826
 184 183 185
 821 742 822
 821 876 191
 867 710 466
 867 877 866
 227 230 812
 228 223 226
 899 666 835
 666 899 667
 667 692 693
 692 899 797
 580 478 435
 580 579 181
 618 489 177
 489 618 175
 434 435 196
 434 176 178
 360 40 358
 40 360 39
 420 616 423
 420 30 416
 617 662 423
 662 617 610
 296 553 499
 499 553 500
 410 409 468
 409 541 469
 552 301 497
 301 552 302
 561 560 448
 561 576 559
 479 181 581
 181 579 179
 458 538 459
 538 458 529
 431 430 655
 430 8 281
 488 489 175
 488 443 178
 463 469 464
 469 468 409
 501 307 499
 307 501 309
 290 289 558
 290 490 288
 525 587 440
 525 524 270
 508 438 509
 508 429 600
 289 294 558
 294 607 556
 586 564 440
 586 292 291
 217 17 439
 217 554 16
 962 611 610
 962 544 537
 542 613 410
 542 544 962
 216 194 196
 216 554 217
 407 546 530
 546 604 463
 421 428 425
 425 428 27
 482 509 582
 509 511 508
 526 431 655
 526 564 291
 619 630 580
 619 443 442
 438 437 582
 437 479 581
 281 9 10
 281 655 430
 522 504 456
 522 521 309
 460 454 451
 460 541 461
 475 573 456
 573 475 474
 424 576 421
 424 662 559
 596 259 534
 259 596 275
 582 480 482
 480 516 481
 445 300 305
 445 557 297
 362 340 342
 340 362 359
 577 173 578
 173 172 444
 462 599 463
 462 451 503
 180 516 480
 516 180 179
 545 543 467
 543 545 595
 514 429 508
 514 242 252
 505 500 507
 504 309 501
 503 599 462
 503 538 529
 562 578 173
 444 443 488
 559 611 536
 559 662 610
 440 490 290
 440 587 491
 215 479 437
 600 554 216
 510 269 268
 269 482 267
 361 474 458
 593 359 362
 534 242 514
 534 533 596
 529 473 356
 473 458 474
 584 524 523
 584 268 270
 467 544 542
 467 604 545
 580 181 478
 479 215 196
 604 467 469
 599 530 546
 475 455 357
 474 361 342
 581 180 480
 215 437 436
 601 605 595
 935 210 884
 884 210 209
 929 835 943
 835 921 753
 563 564 526
 291 564 586
 543 606 537
 543 537 544
 385 395 602
 602 395 603
 871 820 645
 820 795 806
 382 384 902
 382 902 392
 392 902 390
 666 852 943
 666 943 835
 185 752 186
 186 752 917
 852 851 939
 850 852 952
 452 166 453
 949 946 961
 954 955 953
 537 611 962
 542 962 613
 962 610 613
 613 610 612
 563 655 523
 523 655 281
 648 585 507
 585 631 323
 585 323 457
 585 457 456
 516 515 620
 180 581 181
 600 555 554
 216 436 600
 578 583 168
 578 168 170
 484 597 293
 293 597 557
 638 160 494
 638 494 687
 687 494 622
 298 686 506
 649 855 780
 649 780 659
 649 659 650
 692 638 608
 608 638 687
 382 392 399
 382 399 385
 772 847 841
 772 841 656
 795 871 863
 795 863 796
 863 871 647
 878 690 689
 878 689 721
 885 878 908
 701 872 263
 263 872 811
 643 826 904
 904 826 917
 763 914 761
 761 914 831
 844 846 913
 913 846 775
 277 272 280
 745 665 832
 210 802 211
 829 698 645
 218 210 935
 210 218 214
 936 666 665
 900 190 118
 900 118 119
 651 312 311
 627 629 86
 627 86 87
 319 916 317
 935 884 207
 952 852 936
 952 936 944
 944 936 746
 852 939 943
 164 569 756
 756 569 757
 162 164 919
 919 164 920
 931 952 944
 950 931 951
 951 931 942
 99 453 951
 99 951 942
 950 952 931
 946 949 947
 427 426 949
 108 158 426
 452 99 961
 101 938 100
 954 958 960
 960 959 956
 959 108 427
 949 955 427
 747 749 954
 99 100 938
 958 105 106
 747 957 748
 104 749 748
 955 956 427
 953 747 954
 418 417 945
 417 166 452
 947 941 948
 946 945 417
 453 850 950
 453 166 165
 851 165 167
 165 850 453
 418 162 940
 418 945 163
 950 850 952
 950 951 453
 945 948 163
 948 941 918
 426 947 949
 158 157 567
 940 167 418
 567 941 426
 567 569 918
 918 163 948
 851 167 940
 940 939 851
 940 919 929
 919 940 162
 163 162 418
 945 947 948
 931 765 942
 931 944 932
 109 158 108
 945 946 947
 932 944 746
 851 850 165
 943 939 929
 568 845 757
 568 157 495
 99 942 98
 920 164 756
 417 167 166
 929 921 835
 55 319 54
 319 446 916
 736 737 896
 736 53 318
 376 372 933
 372 79 793
 77 512 76
 512 375 365
 344 343 842
 343 67 346
 212 218 206
 212 126 213
 926 897 790
 897 926 344
 137 930 136
 237 238 858
 637 740 129
 740 891 859
 378 381 380
 381 83 379
 816 156 814
 156 816 283
 185 112 752
 185 111 112
 257 146 255
 146 257 145
 762 88 393
 762 627 87
 917 752 751
 928 843 255
 928 148 258
 496 110 183
 496 495 109
 757 569 568
 164 918 569
 266 261 258
 261 266 262
 240 245 890
 245 142 251
 699 56 57
 56 699 446
 766 765 932
 765 98 942
 794 793 80
 793 933 372
 124 208 123
 208 207 202
 754 921 920
 389 84 85
 84 389 379
 324 717 325
 717 324 332
 328 330 329
 330 328 334
 883 889 229
 889 883 232
 764 155 283
 155 764 154
 746 936 665
 151 483 912
 483 273 873
 143 246 251
 246 254 250
 763 393 864
 393 89 397
 76 365 75
 365 374 366
 274 153 432
 274 273 152
 334 339 335
 339 63 337
 187 115 116
 115 187 433
 918 941 567
 495 845 568
 388 629 628
 318 54 319
 54 318 53
 121 197 120
 197 875 198
 61 329 60
 329 330 332
 706 800 704
 800 51 653
 241 140 141
 140 241 799
 909 325 647
 909 57 58
 133 229 910
 229 889 230
 401 400 782
 400 92 403
 351 350 354
 350 71 72
 132 133 910
 225 223 222
 513 625 375
 625 513 377
 213 127 860
 127 213 126
 404 411 881
 95 96 412
 239 886 238
 239 139 799
 929 939 940
 101 937 938
 446 55 56
 870 256 925
 870 145 257
 50 51 800
 706 705 838
 924 202 207
 202 123 208
 745 932 746
 745 922 766
 337 790 898
 790 65 926
 232 231 236
 231 136 930
 81 794 80
 792 933 793
 405 93 94
 93 405 403
 364 363 787
 363 73 730
 118 190 117
 131 132 225
 222 224 130
 666 936 852
 568 567 157
 70 906 69
 906 353 907
 258 843 928
 258 261 874
 74 366 730
 366 374 729
 896 52 736
 52 653 51
 380 379 390
 390 389 388
 934 187 823
 823 188 189
 892 891 740
 637 130 224
 112 113 752
 628 627 761
 87 88 762
 346 842 343
 346 345 915
 255 147 928
 147 255 146
 450 378 901
 82 83 381
 206 935 207
 935 206 218
 143 251 142
 251 250 890
 691 690 799
 753 921 754
 920 756 911
 927 722 689
 722 927 890
 923 404 881
 923 866 877
 66 67 343
 66 926 65
 815 283 816
 156 283 155
 647 646 909
 647 325 717
 785 735 652
 785 311 540
 826 186 917
 826 827 184
 839 924 207
 924 839 199
 846 845 182
 114 751 113
 751 905 917
 713 875 197
 713 924 199
 845 495 182
 109 110 496
 881 879 880
 879 922 833
 96 97 767
 411 412 881
 691 799 241
 240 890 927
 90 91 402
 397 864 393
 182 184 827
 183 111 185
 912 262 150
 912 873 260
 335 337 898
 64 65 790
 869 791 792
 791 869 384
 250 247 249
 247 925 248
 380 902 901
 150 151 912
 150 266 149
 818 817 892
 817 802 891
 198 900 119
 198 875 477
 910 225 132
 223 910 226
 879 882 922
 766 932 745
 888 236 235
 236 888 857
 911 754 920
 754 911 778
 332 60 329
 60 324 59
 845 844 757
 844 913 755
 863 331 796
 331 863 717
 872 260 873
 815 814 838
 814 50 706
 791 868 792
 868 758 933
 152 153 274
 873 912 483
 52 53 736
 822 905 934
 905 822 904
 705 862 861
 705 704 894
 377 77 78
 376 933 758
 865 864 397
 401 782 895
 127 128 859
 860 214 213
 895 865 401
 867 466 895
 782 403 877
 877 405 404
 861 590 838
 590 589 815
 822 934 823
 823 187 188
 62 63 339
 62 328 61
 831 830 761
 830 391 628
 432 154 764
 432 272 274
 916 446 698
 734 894 735
 894 704 652
 74 730 73
 363 788 787
 915 842 346
 345 69 906
 903 925 256
 925 903 248
 138 237 137
 238 886 858
 647 871 645
 58 325 909
 698 446 699
 135 883 134
 232 236 812
 201 477 875
 201 200 476
 802 214 860
 892 740 637
 813 284 815
 813 743 784
 364 354 350
 354 364 787
 885 858 886
 858 885 908
 824 900 477
 119 120 198
 52 896 653
 652 704 800
 513 512 77
 375 374 365
 70 71 350
 351 353 906
 933 792 868
 79 80 793
 841 898 897
 931 932 765
 930 137 237
 235 858 888
 352 354 787
 352 368 353
 691 241 240
 799 886 239
 761 627 762
 85 86 629
 390 379 389
 278 887 784
 887 284 813
 335 847 333
 254 925 247
 145 870 253
 125 206 124
 828 916 829
 828 313 312
 919 921 929
 465 865 895
 465 914 864
 874 701 265
 701 260 872
 728 727 903
 728 874 265
 147 148 928
 843 874 728
 721 689 722
 689 691 927
 240 927 691
 245 251 890
 477 476 824
 476 680 191
 651 737 312
 540 735 785
 83 84 379
 380 901 378
 775 846 827
 109 495 157
 66 344 926
 897 898 790
 625 854 373
 854 760 848
 786 893 787
 893 786 789
 901 869 450
 791 384 383
 877 403 405
 881 880 923
 450 792 794
 901 384 869
 866 880 413
 877 404 923
 796 338 834
 338 333 771
 925 254 870
 256 804 903
 391 390 388
 628 761 830
 811 872 809
 413 880 833
 413 415 866
 117 188 116
 189 824 876
 206 208 124
 202 924 713
 224 892 637
 224 223 808
 230 889 812
 135 232 883
 821 191 742
 189 821 823
 833 922 745
 833 774 413
 880 866 923
 922 882 766
 864 914 763
 865 397 402
 280 272 432
 282 284 887
 182 827 846
 110 111 183
 519 518 812
 733 228 227
 156 50 814
 815 284 283
 919 920 921
 918 164 163
 888 858 908
 857 519 812
 374 373 849
 365 76 512
 348 347 368
 347 915 907
 849 781 789
 849 373 848
 738 802 817
 738 818 807
 755 913 776
 755 778 911
 250 249 722
 249 836 723
 874 843 258
 261 260 701
 330 333 338
 62 334 328
 540 837 734
 837 540 539
 713 197 121
 477 900 198
 903 804 728
 248 836 249
 199 875 713
 803 839 884
 819 829 820
 829 916 698
 642 644 775
 848 373 854
 848 759 781
 59 325 58
 878 634 908
 878 721 632
 904 825 643
 825 822 742
 643 642 826
 917 905 904
 317 312 737
 317 916 828
 840 897 344
 842 915 683
 832 665 714
 683 349 656
 683 915 347
 861 862 744
 861 838 705
 803 783 741
 803 884 209
 831 914 396
 639 753 669
 396 914 465
 395 399 831
 333 330 334
 841 847 898
 758 853 760
 760 853 677
 265 264 727
 765 97 98
 745 832 833
 802 860 891
 776 913 775
 776 777 755
 152 273 483
 260 262 912
 138 139 239
 690 885 886
 317 828 312
 313 539 311
 57 646 699
 796 834 471
 876 824 476
 193 825 742
 754 778 669
 755 911 756
 853 868 791
 450 794 81
 228 733 807
 733 227 518
 390 902 380
 391 388 628
 400 91 92
 782 867 895
 743 589 588
 784 887 813
 771 333 847
 771 834 338
 680 200 741
 200 199 803
 835 797 899
 279 278 784
 282 887 280
 910 223 225
 808 892 224
 588 590 861
 588 649 743
 646 57 909
 656 657 772
 656 840 683
 908 856 888
 856 908 634
 351 906 70
 906 907 345
 433 905 751
 825 904 822
 363 730 788
 787 893 352
 399 392 391
 211 739 209
 727 248 903
 255 843 804
 758 760 854
 77 377 513
 387 383 382
 384 901 902
 900 824 190
 821 189 876
 899 692 667
 665 667 714
 898 847 335
 841 897 840
 862 894 734
 652 651 785
 773 723 836
 723 722 249
 896 737 651
 894 652 735
 731 789 781
 849 786 729
 466 465 895
 466 394 396
 414 413 774
 415 709 710
 809 873 273
 809 272 277
 705 894 862
 734 801 744
 367 716 348
 367 893 789
 263 811 726
 811 809 277
 519 856 798
 812 236 857
 367 352 893
 72 364 350
 808 818 892
 807 695 694
 817 891 892
 808 807 818
 644 643 750
 253 246 144
 250 722 890
 812 889 232
 856 857 888
 759 678 674
 849 848 781
 805 661 836
 805 264 724
 280 887 278
 813 815 589
 810 726 811
 886 799 690
 878 885 690
 590 815 838
 588 861 855
 806 795 471
 638 797 639
 212 206 125
 839 207 884
 349 348 769
 348 368 367
 770 834 771
 772 657 719
 883 229 134
 223 228 808
 830 399 391
 287 286 650
 286 279 784
 831 396 395
 433 751 114
 775 644 703
 775 827 642
 755 757 844
 96 767 882
 879 881 412
 774 832 768
 879 833 880
 632 634 878
 209 696 783
 867 782 877
 710 866 415
 876 476 191
 201 875 199
 798 856 634
 798 517 519
 701 874 261
 872 873 809
 570 820 806
 871 795 820
 598 572 571
 572 819 570
 694 738 807
 694 221 739
 639 669 161
 669 778 670
 805 248 727
 870 257 256
 82 381 378
 792 450 869
 387 382 385
 853 758 868
 677 387 626
 709 414 673
 866 710 867
 680 741 192
 741 783 720
 661 724 575
 661 773 836
 837 801 734
 837 315 779
 90 402 397
 465 864 865
 647 717 863
 331 338 796
 777 640 670
 640 776 703
 819 313 828
 645 820 829
 744 862 734
 744 855 861
 127 859 860
 214 802 210
 781 732 731
 732 674 682
 780 855 744
 858 235 237
 856 519 857
 649 588 855
 193 712 750
 192 191 680
 758 854 625
 791 677 853
 75 366 74
 849 789 786
 842 683 840
 347 353 368
 673 414 768
 673 672 709
 634 633 798
 85 629 388
 850 851 852
 779 801 837
 779 686 685
 572 313 819
 737 318 317
 714 693 768
 692 797 638
 739 696 209
 696 739 221
 374 849 729
 760 759 848
 724 661 805
 264 263 726
 279 810 277
 810 279 285
 219 221 694
 219 695 635
 635 517 688
 688 798 633
 772 771 847
 62 339 334
 731 716 367
 716 731 682
 313 572 539
 598 315 837
 719 770 772
 657 349 769
 183 182 496
 844 845 846
 266 258 149
 843 728 804
 840 344 842
 840 656 841
 770 472 471
 472 770 719
 839 803 199
 640 777 776
 703 702 668
 838 814 706
 598 837 539
 707 768 693
 768 832 714
 725 724 264
 726 810 700
 805 836 248
 632 721 723
 674 732 759
 674 678 626
 750 614 702
 750 825 193
 565 670 640
 670 778 777
 432 764 282
 432 153 154
 603 395 394
 715 719 657
 769 716 681
 753 797 835
 471 834 770
 414 709 415
 832 774 833
 685 801 779
 718 780 744
 393 763 762
 399 830 831
 321 570 806
 828 829 819
 826 642 827
 825 750 643
 122 713 121
 741 200 803
 189 190 824
 821 822 823
 819 820 570
 285 700 810
 700 663 725
 603 672 671
 673 707 664
 738 817 818
 733 695 807
 192 712 193
 192 720 615
 245 141 142
 723 773 632
 780 718 591
 814 815 816
 589 743 813
 227 812 518
 518 517 733
 810 811 277
 809 273 272
 807 808 228
 635 688 636
 470 806 471
 806 470 321
 697 220 711
 220 697 221
 727 264 805
 256 255 804
 803 209 783
 211 802 738
 801 685 744
 50 800 706
 139 140 799
 708 633 632
 688 517 798
 797 753 639
 449 160 159
 716 769 348
 354 353 351
 471 795 796
 792 793 794
 383 677 791
 64 790 337
 367 789 731
 786 787 788
 660 663 532
 663 660 725
 678 760 677
 626 386 675
 316 598 571
 651 311 785
 668 702 679
 702 644 750
 654 285 287
 286 784 743
 624 675 406
 624 623 682
 694 739 738
 697 720 783
 681 715 769
 681 623 658
 693 608 609
 608 687 535
 385 602 386
 615 720 711
 783 696 697
 394 709 672
 403 782 400
 682 674 624
 732 781 759
 639 161 160
 684 718 685
 684 597 591
 709 394 466
 574 773 661
 708 632 773
 779 314 686
 316 631 648
 725 264 726
 724 660 575
 591 659 780
 686 314 506
 314 779 315
 777 778 755
 775 703 776
 707 693 609
 774 768 414
 551 708 550
 708 773 574
 472 719 547
 770 771 772
 715 657 769
 715 658 547
 768 707 673
 765 766 767
 601 676 386
 159 161 670
 565 641 566
 640 668 641
 668 679 204
 283 282 764
 285 279 286
 321 323 631
 322 321 470
 761 762 763
 677 383 387
 759 760 678
 758 625 376
 614 679 702
 614 712 615
 755 756 757
 753 754 669
 113 751 752
 712 614 750
 609 606 664
 606 609 535
 747 748 749
 745 746 665
 744 685 718
 286 743 649
 539 572 598
 571 570 321
 532 492 491
 532 549 660
 742 191 193
 720 192 741
 675 674 626
 386 602 601
 128 129 740
 738 739 211
 733 517 635
 736 318 737
 734 735 540
 531 679 614
 615 711 515
 648 631 585
 631 571 321
 134 229 133
 695 733 635
 636 621 620
 636 688 551
 682 731 732
 729 730 366
 265 727 728
 700 725 726
 550 575 549
 724 725 660
 721 722 723
 550 708 574
 711 720 697
 711 220 620
 654 700 285
 663 654 492
 547 719 715
 528 322 472
 650 659 486
 684 591 718
 331 717 332
 472 322 470
 682 681 716
 641 594 566
 594 641 204
 658 715 681
 658 623 355
 622 448 560
 448 622 494
 298 597 684
 406 355 624
 406 675 676
 670 565 159
 693 714 667
 606 535 537
 713 122 202
 192 615 712
 485 493 486
 486 493 287
 595 676 601
 515 711 620
 515 531 615
 703 668 640
 449 171 447
 449 494 160
 601 603 671
 709 466 710
 551 633 708
 551 548 621
 671 664 605
 707 609 664
 287 650 486
 704 705 706
 527 528 547
 527 357 455
 298 684 686
 484 288 485
 484 591 597
 566 171 449
 566 594 172
 394 672 603
 673 664 671
 648 507 506
 205 204 679
 644 702 703
 701 263 265
 700 654 663
 323 322 457
 646 645 698
 698 699 646
 696 221 697
 219 694 695
 692 608 693
 622 536 535
 689 690 691
 633 551 688
 535 687 622
 506 314 648
 684 685 686
 491 492 485
 493 654 287
 406 676 595
 671 605 601
 220 219 636
 349 683 347
 681 682 623
 200 680 476
 531 205 679
 528 455 457
 527 547 658
 677 626 678
 676 675 386
 336 42 43
 336 592 41
 176 520 19
 520 439 18
 624 674 675
 355 357 527
 498 320 46
 498 497 303
 583 24 168
 34 461 33
 461 541 408
 22 618 21
 175 174 562
 305 487 607
 487 2 556
 4 299 3
 299 558 556
 358 41 592
 41 358 40
 234 14 15
 234 252 13
 169 26 421
 26 169 25
 203 594 204
 205 179 579
 275 276 259
 276 10 11
 370 502 593
 502 39 360
 671 672 673
 605 543 595
 306 320 307
 306 45 46
 16 555 15
 244 12 13
 12 244 243
 669 670 161
 204 641 668
 665 666 667
 606 605 664
 481 621 548
 621 481 516
 549 271 267
 663 492 532
 327 326 310
 326 44 308
 636 551 621
 548 267 481
 448 447 561
 422 576 561
 423 662 424
 423 29 420
 457 322 528
 168 25 169
 578 174 583
 291 7 431
 416 616 420
 416 419 612
 36 398 35
 398 451 454
 505 507 585
 48 497 47
 303 320 498
 177 21 618
 21 177 20
 298 297 557
 297 304 300
 661 575 574
 549 575 660
 486 659 591
 355 527 658
 656 349 657
 408 33 461
 33 408 32
 655 563 526
 523 281 275
 493 492 654
 651 652 653
 649 650 286
 316 648 314
 645 646 647
 556 607 487
 556 558 294
 616 610 617
 642 643 644
 179 205 531
 359 593 502
 459 362 361
 171 173 577
 611 537 536
 49 552 48
 302 305 300
 600 429 233
 600 436 508
 436 216 215
 41 42 336
 592 340 358
 579 203 205
 203 580 630
 566 172 171
 640 641 565
 18 19 520
 439 194 217
 536 560 559
 638 639 160
 586 440 441
 129 130 637
 620 220 636
 542 410 468
 635 636 219
 632 633 634
 270 524 584
 270 491 587
 242 244 252
 243 259 11
 571 631 316
 296 298 506
 442 630 619
 630 442 203
 295 441 558
 295 292 586
 627 628 629
 387 386 626
 373 375 625
 355 623 624
 485 288 490
 288 293 289
 523 533 584
 342 522 573
 521 310 309
 296 499 303
 499 307 320
 560 536 622
 449 159 566
 341 592 336
 341 327 310
 300 304 301
 304 296 303
 290 558 441
 293 607 294
 516 620 621
 170 422 577
 422 561 447
 429 252 234
 233 15 555
 23 24 583
 488 175 562
 196 478 479
 196 195 434
 580 435 619
 178 443 619
 357 356 473
 356 355 406
 26 27 428
 421 170 169
 430 7 8
 525 440 563
 176 20 177
 195 439 520
 511 510 534
 438 582 509
 305 607 445
 1 2 487
 371 370 593
 38 39 502
 356 407 530
 407 595 545
 424 421 425
 425 28 423
 612 616 416
 612 419 410
 271 549 532
 491 490 440
 342 573 474
 342 341 521
 178 619 435
 442 444 172
 309 504 522
 505 501 500
 460 464 469
 454 35 398
 320 303 499
 46 47 498
 22 175 618
 489 178 177
 308 44 45
 308 310 326
 5 295 4
 37 38 370
 369 451 398
 545 604 546
 617 423 616
 616 612 610
 614 615 531
 594 442 172
 612 410 613
 559 610 611
 252 429 514
 13 14 234
 424 559 576
 577 422 447
 608 535 609
 171 577 447
 371 593 459
 503 530 599
 293 445 607
 296 304 297
 480 582 581
 482 481 267
 543 605 606
 469 463 604
 269 509 482
 411 94 95
 601 602 603
 600 233 555
 195 194 439
 462 464 460
 546 463 599
 268 267 271
 548 550 549
 454 461 34
 409 408 541
 316 315 598
 557 597 298
 523 596 533
 523 275 596
 259 242 534
 356 530 529
 406 595 407
 174 578 562
 594 203 442
 593 362 459
 341 340 592
 49 302 552
 301 303 497
 591 484 486
 588 589 590
 270 587 525
 295 586 441
 456 505 585
 456 455 475
 510 584 533
 523 525 563
 534 514 511
 510 268 584
 23 583 174
 173 444 562
 505 456 504
 553 507 500
 437 581 582
 203 579 580
 170 577 578
 422 421 576
 574 575 550
 270 532 491
 473 529 458
 522 456 573
 324 60 332
 570 571 572
 567 568 569
 565 566 159
 6 7 291
 563 440 564
 520 434 195
 444 488 562
 341 310 521
 309 308 307
 28 29 423
 559 560 561
 299 295 558
 299 556 3
 293 557 445
 2 3 556
 125 126 212
 554 555 16
 507 553 296
 497 48 552
 550 548 551
 267 548 549
 371 459 538
 502 360 359
 363 72 73
 472 547 528
 545 546 407
 467 543 544
 467 542 468
 541 460 469
 311 539 540
 484 293 288
 460 451 462
 371 538 503
 535 536 537
 510 533 534
 532 270 271
 509 269 510
 515 179 531
 503 529 530
 527 455 528
 291 431 526
 523 524 525
 342 521 522
 341 336 327
 435 478 196
 520 176 434
 517 518 519
 179 515 516
 243 11 12
 514 508 511
 512 513 375
 357 473 475
 509 510 511
 436 438 508
 296 506 507
 504 501 505
 503 451 371
 38 502 370
 499 500 501
 47 497 498
 182 495 496
 448 494 449
 492 493 485
 485 490 491
 488 178 489
 1 487 305
 484 485 486
 5 6 292
 27 28 425
 152 483 151
 480 481 482
 478 181 479
 476 477 201
 473 474 475
 470 471 472
 467 468 469
 396 465 466
 462 463 464
 460 461 454
 359 358 340
 458 459 361
 326 43 44
 455 456 457
 454 34 35
 452 453 99
 371 451 369
 81 378 450
 31 419 416
 447 448 449
 446 319 55
 297 300 445
 442 443 444
 440 290 441
 11 259 276
 10 275 281
 17 18 439
 436 437 438
 434 178 435
 433 114 115
 280 432 282
 7 430 431
 429 234 233
 231 135 136
 26 428 421
 426 427 108
 423 424 425
 421 422 170
 29 30 420
 408 419 32
 32 419 31
 419 408 410
 167 417 418
 31 416 30
 413 414 415
 412 411 95
 94 411 404
 408 409 410
 406 407 356
 94 404 405
 403 92 93
 400 401 402
 385 399 395
 369 398 36
 89 90 397
 394 395 396
 393 88 89
 390 391 392
 85 388 389
 369 36 37
 385 386 387
 382 383 384
 379 380 381
 370 369 37
 378 81 82
 372 376 377
 373 374 375
 372 78 79
 369 370 371
 352 367 368
 365 366 75
 72 363 364
 342 361 362
 358 359 360
 355 356 357
 352 353 354
 70 350 351
 347 348 349
 68 69 345
 346 67 68
 68 345 346
 66 343 344
 340 341 342
 337 335 339
 338 331 330
 337 63 64
 336 43 327
 333 334 335
 330 331 332
 328 329 61
 43 326 327
 324 325 59
 321 322 323
 306 46 320
 317 318 319
 314 315 316
 308 45 306
 311 312 313
 308 309 310
 306 307 308
 1 302 49
 1 305 302
 303 301 304
 300 301 302
 295 299 4
 296 297 298
 5 292 295
 293 294 289
 291 292 6
 288 289 290
 285 286 287
 282 283 284
 8 9 281
 277 280 278
 277 278 279
 275 10 276
 272 273 274
 270 268 271
 267 268 269
 266 150 262
 263 264 265
 260 261 262
 242 259 243
 149 258 148
 254 247 250
 255 256 257
 246 253 254
 244 13 252
 250 251 246
 247 248 249
 144 246 143
 141 245 240
 242 243 244
 141 240 241
 239 238 138
 237 138 238
 235 236 231
 15 233 234
 135 231 232
 226 229 230
 226 227 228
 225 222 131
 216 217 194
 223 224 222
 222 130 131
 219 220 221
 212 214 218
 217 16 17
 196 215 216
 212 213 214
 209 210 211
 206 207 208
 203 204 205
 202 122 123
 199 200 201
 197 198 120
 194 195 196
 191 192 193
 190 189 117
 188 117 189
 187 116 188
 176 19 20
 185 186 184
 182 183 184
 179 180 181
 176 177 178
 23 175 22
 23 174 175
 171 172 173
 24 25 168
 168 169 170
 165 166 167
 162 163 164
 159 160 161
 109 157 158
