VARIABLES="X","Y"
ZONE T="Element"
Nodes=174, Elements=290, ZONETYPE=FETriangle
DATAPACKING=POINT
1.000260952313e+00 -1.007427108731e-03
1.000605990189e+00 -1.028406732144e-03
1.000314687010e+00 -6.939362853106e-04
1.000000000000e+00 -7.000000000000e-04
1.000000000000e+00 -9.800000000000e-04
1.000206122429e+00 -6.104540658218e-05
1.000000000000e+00 1.400000000000e-04
1.000000000000e+00 -1.400000000000e-04
1.000269835964e+00 2.101414710568e-04
1.000000000000e+00 4.200000000000e-04
1.000120904970e+00 4.837207810105e-04
1.000000000000e+00 7.000000000000e-04
1.000290167319e+00 -3.580820673651e-04
1.000000000000e+00 -4.200000000000e-04
1.000000000000e+00 -1.260000000000e-03
1.000658595579e+00 -1.399673578812e-03
1.000213783918e+00 6.047416529853e-04
1.000908266657e+00 -3.637469823594e-05
1.000000000000e+00 1.260000000000e-03
1.000487829897e+00 -1.882220239604e-04
1.000764757115e+00 -6.957494186758e-04
1.001030958927e+00 -1.345247269189e-03
1.002929768669e+00 -2.521924454330e-04
1.001740551959e+00 -1.256296864957e-03
1.003386755727e+00 -2.818233893966e-03
1.001435526367e+00 -2.407652370012e-03
1.005587806972e+00 2.691889281767e-03
1.006360769742e+00 -1.347701975355e-03
1.010085667228e+00 1.365383982537e-03
1.006195524710e+00 -5.344080780072e-03
1.001860172922e+00 -6.437632672357e-03
1.006115410401e+00 -9.558743079921e-03
9.949643458016e-01 -8.750278796895e-03
1.002056547635e+00 -1.498453951904e-02
9.439530186456e-01 -4.308039125750e-02
9.231959435612e-01 -4.311403922695e-02
9.268327643130e-01 -6.513476734219e-02
9.520899279844e-01 -2.410023922592e-02
9.308899067377e-01 -2.755581905994e-02
1.707285667808e+00 6.837768302704e-01
1.589749529260e+00 6.349280637969e-01
1.719066382916e+00 5.096483034244e-01
1.757132157338e+00 8.183023518158e-01
1.604975642175e+00 7.931482263379e-01
1.588443464950e+00 5.359277683638e-01
1.583015790869e+00 4.496881386154e-01
1.452724925013e+00 5.442116905972e-01
1.475456683288e+00 1.431961913192e-01
1.369344374827e+00 2.074142605734e-01
1.347612941948e+00 9.714041043856e-02
1.598569566293e+00 1.921857722056e-01
1.473330109785e+00 3.247290125919e-01
1.263213839205e+00 5.448581954567e-01
1.328509301557e+00 4.213808604961e-01
1.773712251992e+00 1.289804542614e-01
1.892870966981e+00 2.049656941227e-01
1.824628479048e+00 3.203729456482e-01
1.972338735487e+00 2.867379430521e-01
1.666198916395e+00 3.192429519929e-01
1.569375771754e+00 -1.205487733337e-01
1.523079148849e+00 -2.861384869335e-01
1.697076790163e+00 -2.672919424140e-01
1.357533518214e+00 -2.945183028847e-01
1.456170374346e+00 -4.338875786758e-01
1.614589618739e+00 -4.278731453627e-01
1.290231043205e+00 2.952599017527e-01
1.051621373966e+00 2.888127568685e-02
1.048886508628e+00 1.714146570934e-03
1.075400253040e+00 8.263323416740e-03
9.104450038128e-01 -3.028869977024e-02
9.042049999077e-01 -4.997194673128e-02
1.009105867430e+00 5.807719640645e-03
1.005044768766e+00 9.318126488211e-03
1.167568133393e+00 4.030590589360e-01
1.335547498664e+00 6.642582348885e-01
1.459350576636e+00 7.284131657877e-01
1.839935111747e+00 -3.238855248716e-01
1.850184829224e+00 -1.796683167098e-01
1.729004370230e+00 -7.137561677009e-02
1.138377117972e+00 7.659480974108e-02
1.183651731521e+00 7.658910323643e-03
1.230128046001e+00 7.736239168470e-02
1.175794245872e+00 1.435214664853e-01
1.260091095910e+00 1.767457867648e-01
1.074355094515e+00 9.425521884147e-02
1.101502232935e+00 1.499892559950e-01
9.164995591667e-01 -9.979281232856e-02
8.955318198348e-01 -7.432024560708e-02
1.003927653781e+00 -5.265361181124e-02
9.851542306678e-01 -5.838961496334e-02
1.005229135376e+00 -6.935329807678e-02
9.824937073564e-01 -8.948621401036e-02
1.021887091813e+00 -1.446159704167e-02
1.011373384016e+00 -2.350590638144e-02
1.025988580434e+00 -3.082677156686e-02
1.009840689904e+00 -3.869667624754e-02
1.021192312031e+00 -4.260337440116e-03
1.031323440390e+00 -3.172742804474e-03
1.038701393978e+00 -1.706692700716e-02
1.000000000000e+00 9.800000000000e-04
1.015456048651e+00 -6.721952588697e-04
1.010343281078e+00 -3.636976344900e-03
1.009673212807e+00 -7.826324362851e-03
1.011011555105e+00 1.020392056507e-02
1.016999789061e+00 1.341999529827e-02
1.014161547959e+00 5.803691054958e-03
1.010067734610e+00 1.715140854158e-02
1.022848296822e+00 5.406308578204e-03
1.014913912354e+00 -7.315494659639e-03
1.010931527746e+00 -1.303553750943e-02
9.916873694820e-01 -1.577177420339e-02
1.035303074365e+00 1.236871934247e-02
9.793896232890e-01 -4.115462821236e-03
9.983451866763e-01 -2.661923283164e-02
9.918244352288e-01 -3.947956913535e-02
9.835302844490e-01 -2.397007066631e-02
9.175037373521e-01 -1.227530866660e-02
9.381409362722e-01 -9.620616985150e-03
8.887121399053e-01 -3.340582268131e-02
9.687768492021e-01 -2.010370212823e-02
9.587697398199e-01 -6.901455592925e-03
1.060969516032e+00 -1.898876920881e-02
8.968586080574e-01 -1.486760916321e-02
1.044393020084e+00 -3.422840352350e-02
9.592109641497e-01 -6.276049474285e-02
9.691303944508e-01 -3.872077651194e-02
8.805123280188e-01 -5.356810575987e-02
1.065931705863e+00 -4.793039811976e-02
1.030373904115e+00 -5.632915171488e-02
1.025370587763e+00 -9.256430593182e-02
9.470721846204e-01 -8.733914669595e-02
9.512148344525e-01 -1.216377195642e-01
1.118326195416e+00 1.626065234368e-02
1.094526591770e+00 -2.255750502075e-02
1.059678200226e+00 -8.050155023999e-02
8.998124166687e-01 -1.466620487332e-01
1.084882279546e+00 4.711577251370e-02
1.004204014464e+00 -1.343589180975e-01
1.140220832428e+00 -2.739766045529e-02
1.108355843468e+00 -7.252979850391e-02
1.071663853054e+00 -1.298732756157e-01
9.602147231887e-01 -1.806158197759e-01
1.036551948739e+00 -2.007054179320e-01
8.959029386923e-01 -2.209221993885e-01
1.149281256461e+00 -1.275853006986e-01
1.294488542578e+00 -2.873484784849e-02
1.188979741531e+00 -6.823096969774e-02
9.733773710452e-01 -2.679667052780e-01
1.153505958073e+00 2.404195588088e-01
1.132456885102e+00 -2.053533105160e-01
1.250054109658e+00 -1.643537455879e-01
1.079312231173e+00 -2.996563831035e-01
1.207877911527e+00 -3.099457401580e-01
1.040135160754e+00 3.155464454369e-01
1.407392132546e+00 -1.486103244613e-01
1.453601094841e+00 -2.110607639370e-03
1.972338735487e+00 -2.867379430521e-01
1.712133342259e+00 -5.603172280824e-01
1.756491583346e+00 -4.130670951468e-01
1.868860451998e+00 -2.631937871500e-02
1.996918089126e+00 9.610532997107e-02
1.996918089126e+00 -9.610532997107e-02
1.604149870003e+00 4.478025086236e-02
1.851453301854e+00 6.508256086763e-01
1.472350562150e+00 9.134806756744e-01
1.358174990183e+00 1.230258381895e+00
1.306083856133e+00 1.019739942599e+00
1.508451335392e+00 1.110416995613e+00
1.923583620516e+00 -4.726623270354e-01
1.923583620516e+00 4.726623270354e-01
1.300755302551e+00 8.204521034312e-01
1.296125451477e+00 -4.556810451901e-01
1.642168937554e+00 9.723425929617e-01
1.851453301854e+00 -6.508256086763e-01
1 2 3
1 4 5
6 7 8
9 10 7
11 10 9
10 11 12
13 14 3
14 13 8
15 1 5
2 1 16
7 6 9
9 17 11
17 18 19
18 9 20
21 13 3
21 2 22
18 23 19
9 18 17
24 21 22
24 23 18
1 15 16
4 1 3
25 23 24
16 26 22
27 28 29
28 27 23
30 31 32
31 33 34
35 36 37
35 38 39
40 41 42
40 43 44
45 46 42
46 45 47
48 49 50
48 51 52
53 54 47
55 56 57
57 56 58
59 51 55
59 46 52
60 61 62
61 63 64
65 62 61
52 54 66
52 46 47
67 68 69
39 70 36
36 70 71
27 72 73
25 28 23
21 24 18
74 54 53
53 47 75
75 47 76
62 77 78
62 78 79
80 81 82
80 82 83
83 82 84
85 80 86
86 80 83
87 37 88
88 37 71
89 90 91
91 90 92
93 94 95
95 94 96
97 93 98
98 93 99
28 25 30
26 31 25
15 33 31
27 19 23
12 17 100
21 3 2
2 16 22
16 15 26
25 24 26
20 13 21
19 100 17
3 14 4
20 9 6
8 13 6
24 22 26
18 20 21
101 29 102
29 72 27
30 32 103
28 102 29
73 72 104
105 104 106
104 107 73
101 97 108
101 102 109
102 103 109
103 32 110
31 30 25
33 111 34
108 106 101
34 32 31
34 94 110
110 109 103
105 106 108
108 98 112
98 108 97
109 97 101
102 30 103
113 33 15
102 28 30
105 107 104
114 115 96
114 111 116
99 93 95
29 106 72
112 68 67
39 117 70
39 118 117
71 70 119
120 121 38
120 116 113
96 94 114
93 110 94
122 68 99
110 32 34
116 115 114
12 11 17
114 34 111
117 123 70
69 68 122
99 95 124
37 36 71
37 125 35
90 115 126
119 127 71
115 116 126
113 121 120
126 35 125
38 118 39
124 122 99
122 124 128
115 89 96
89 91 129
98 68 112
92 90 125
113 116 111
126 125 90
121 118 38
98 99 68
110 93 109
129 91 130
129 128 124
131 132 92
87 131 37
71 127 88
133 69 134
130 91 92
130 135 129
122 128 134
129 124 95
132 87 136
80 137 133
92 132 138
92 125 131
129 96 89
133 134 139
134 128 140
135 141 140
141 130 138
85 137 80
38 126 120
89 115 90
141 135 130
138 142 143
136 144 142
145 140 141
140 128 135
69 137 67
37 131 125
137 69 133
146 81 147
143 142 148
142 132 136
86 83 149
133 139 81
135 128 129
92 138 130
147 139 140
145 150 151
141 143 150
143 148 152
144 148 142
129 95 96
69 122 134
123 119 70
20 6 13
150 153 151
153 150 152
84 50 49
50 84 82
140 145 147
154 149 74
138 143 141
146 155 156
146 82 81
151 155 146
151 153 63
132 142 138
84 66 149
149 83 84
77 157 78
158 159 65
160 161 55
161 160 162
134 140 139
152 150 143
50 156 48
163 51 48
42 46 59
42 164 40
78 162 160
62 159 77
44 41 40
44 165 76
166 167 168
41 47 45
131 87 132
155 61 60
54 74 66
151 63 155
141 150 145
66 49 52
80 133 81
49 66 84
146 147 151
79 163 60
163 48 156
169 157 77
161 58 56
55 79 160
59 55 57
57 170 42
76 41 44
76 165 171
172 64 63
45 42 41
41 76 47
153 172 63
76 171 75
52 47 54
59 52 51
60 163 156
155 60 156
159 62 65
169 77 159
61 64 65
79 60 62
163 55 51
34 114 94
145 151 147
170 164 42
52 49 48
149 66 74
126 116 120
50 82 146
58 170 57
27 73 19
173 165 44
156 50 146
161 56 55
31 26 15
42 59 57
55 163 79
164 43 40
167 165 168
168 165 173
165 167 171
106 29 101
173 44 43
39 36 35
126 38 35
169 158 174
169 159 158
155 63 61
157 162 78
78 160 79
104 72 106
97 109 93
147 81 139
113 111 33
ZONE T="Element"
Nodes=176, Elements=293, ZONETYPE=FETriangle
DATAPACKING=POINT
4.661299910329e-01 8.684552237223e-02
4.865191352259e-01 8.914004583254e-02
4.714839038658e-01 1.064356646352e-01
4.743635767538e-01 7.099811938083e-02
3.682529023153e-01 7.630043858316e-02
3.773403303595e-01 9.367734618070e-02
3.577328975947e-01 9.585898058150e-02
3.999093415768e-01 9.831264103064e-02
3.743410286550e-01 1.194249379271e-01
1.823727697966e-01 1.367365565370e+00
7.320862005345e-02 1.438001779555e+00
4.910012776209e-02 1.298176573887e+00
2.606001574499e-01 1.480772675122e+00
-4.264250089429e-01 3.063832853749e-01
-3.564769588647e-01 4.155518499695e-01
-4.453408533677e-01 5.021629741806e-01
-3.042924575213e-01 4.799620986947e-01
1.300755302551e+00 8.204521034312e-01
1.184193078829e+00 9.020642811873e-01
1.147991359636e+00 7.923931323831e-01
1.134503332167e+00 9.966554877259e-01
1.027343777103e+00 8.686100810326e-01
3.676411880842e-01 8.946859157491e-01
4.978744222627e-01 9.752381912198e-01
3.726678341789e-01 1.048219113018e+00
5.089342594677e-01 8.197817550822e-01
8.783184231601e-01 8.512185418613e-01
9.308194379697e-01 9.349097189948e-01
-3.030124000151e-01 5.969505800776e-01
-4.626931736387e-01 6.837584683875e-01
-2.720248037147e-01 7.699249330320e-01
1.263213839205e+00 5.448581954567e-01
1.130350807661e+00 5.541823052102e-01
1.167568133393e+00 4.030590589360e-01
1.199876427612e+00 6.757103414491e-01
1.335547498664e+00 6.642582348885e-01
7.044082187593e-01 5.930883896513e-01
7.983236625883e-01 7.364184225585e-01
6.569025441119e-01 7.610603400189e-01
9.185268395763e-01 7.500331683590e-01
-6.943810795204e-02 7.648591618295e-01
-1.591708878690e-01 6.444980358721e-01
2.008425858501e-02 5.785863821904e-01
-1.503054743347e-01 8.936091340134e-01
9.886134764598e-01 1.042853359712e+00
1.012605197511e+00 1.230991928499e+00
8.143486756748e-01 1.139138563288e+00
1.166959396231e+00 1.143839907367e+00
2.076342145726e-01 6.570557221544e-01
9.106147561024e-02 7.578772216071e-01
2.203802715205e-01 8.285750298709e-01
2.131916277091e-01 1.091459174232e+00
4.844654836390e-02 1.142224249971e+00
5.601737721831e-02 9.395975466921e-01
1.971630867546e-01 1.245263796904e+00
8.384239808001e-01 9.626305726635e-01
7.632179704337e-01 8.540872480357e-01
6.596113527434e-01 9.503298695740e-01
8.685679794884e-01 6.090228474249e-01
9.892077774814e-01 4.724260220621e-01
1.040169720663e+00 6.755068235218e-01
7.983285433313e-01 4.326482664275e-01
-1.714633862481e-01 5.121691222312e-01
-2.451686891111e-01 3.729759670146e-01
2.459796597422e-01 9.605073559123e-01
3.626700453018e-01 1.206734394649e+00
3.638054666382e-01 7.295854611471e-01
5.232688901085e-01 6.075807099592e-01
2.004769104333e-01 4.949567139495e-01
3.499969046486e-01 5.527535241615e-01
1.040135160754e+00 3.155464454369e-01
-5.877522860282e-02 3.905519403449e-01
9.242974474042e-02 4.097927509741e-01
2.734337084268e-01 1.547939263530e-01
2.585013270849e-01 1.152421258509e-01
2.882536273352e-01 1.154015108147e-01
3.151935272201e-01 1.377944942934e-01
3.157144035746e-01 8.187061466049e-02
3.307358519407e-01 7.357728778120e-02
3.347073759880e-01 9.124415595197e-02
3.370975427664e-01 5.971914722676e-02
3.485823887287e-01 7.630522628423e-02
3.021029365743e-01 7.290469083420e-02
2.965372143969e-01 9.033126501078e-02
2.849884469235e-01 7.458713020863e-02
2.310304865680e-01 8.120722842048e-02
2.462182430391e-01 7.295250241483e-02
2.509185106074e-01 8.963554582242e-02
2.538739678617e-01 5.950595713634e-02
2.648676486214e-01 7.504067385088e-02
4.065705116444e-01 7.735631863844e-02
4.214095282175e-01 6.893978950197e-02
4.227773530762e-01 8.758464491282e-02
4.202861765536e-01 5.721312013767e-02
4.410713142535e-01 5.625468227899e-02
2.740111291615e-01 9.337304192638e-02
2.954846126025e-01 6.001298220926e-02
4.373623858580e-01 7.556893070538e-02
4.547586062683e-01 7.319744067406e-02
4.477734905302e-01 9.433526638884e-02
4.618508791813e-01 5.518212291807e-02
3.994957479522e-01 5.804885194598e-02
3.883782107509e-01 7.707465895892e-02
3.787004306571e-01 5.875235737461e-02
3.162917169300e-01 5.995741846952e-02
2.746779471859e-01 5.986894502246e-02
2.330756249872e-01 5.890161322089e-02
4.826246837965e-01 5.400319171327e-02
4.262000972807e-01 1.105601697574e-01
4.057127896290e-01 1.250073284247e-01
2.320198337287e-01 1.048993123602e-01
4.513491324363e-01 1.182254309745e-01
4.735714838313e-01 1.339867764194e-01
3.933639120159e-01 1.540620881155e-01
5.025765066461e-01 1.134011869546e-01
5.077999737522e-01 1.492112467786e-01
3.146633262973e-01 1.052618875962e-01
3.405226889750e-01 1.175789949908e-01
3.519850960797e-01 1.512725098553e-01
2.346087037068e-01 1.386346627313e-01
3.223027162063e-01 1.824581361502e-01
4.731761004349e-01 1.715897593272e-01
4.347495686163e-01 1.426768052926e-01
4.279723986054e-01 1.887114744641e-01
3.735874047044e-01 1.926918480511e-01
2.292509699551e-01 1.823261919049e-01
2.050017571069e-01 1.514990019918e-01
2.782427157491e-01 2.191163674547e-01
5.133701492580e-01 1.871337287466e-01
5.558719192542e-01 2.243247173235e-01
4.807306680385e-01 2.334449256590e-01
2.062612223337e-01 2.557949395451e-01
1.731961754944e-01 1.828064095329e-01
3.423500201640e-01 2.430998476216e-01
4.099668585161e-01 2.453689107911e-01
5.313329038226e-01 3.142833622558e-01
6.178565915322e-01 2.892674834836e-01
6.196037992149e-01 4.260751209944e-01
4.534243463787e-01 3.027025267048e-01
3.786165576940e-01 3.183623482121e-01
2.913838681139e-01 3.006014750704e-01
4.563340820072e-01 4.159279517591e-01
3.166246154121e-01 4.084959113777e-01
2.067875273038e-01 3.630477358464e-01
-2.240474105972e-01 1.191231248349e+00
-2.775888524658e-01 1.282714144508e+00
-4.352347027881e-01 1.172747223702e+00
-7.749946355667e-02 1.208130516672e+00
-1.071750146836e-01 1.371618934524e+00
-7.498542040491e-01 5.548990078707e-01
-6.229721477528e-01 6.111865155758e-01
-8.069780561851e-01 7.360763280059e-01
1.193807435361e+00 1.329898959559e+00
1.358174990183e+00 1.230258381895e+00
1.306083856133e+00 1.019739942599e+00
5.123412060422e-01 1.336214349795e+00
3.303674683169e-01 1.357967030298e+00
9.146138297892e-01 3.261286277089e-01
-6.167671670612e-01 7.588602839572e-01
-7.021204328019e-01 8.971657957368e-01
-3.025013575863e-01 1.077856449181e+00
-4.187296681311e-01 1.021271024889e+00
-2.947396676023e-01 9.462027985957e-01
-5.775240251466e-01 1.043523825905e+00
-4.785739668537e-01 8.714893635999e-01
8.337814009345e-01 1.462391868273e+00
8.822550585727e-01 1.310145666465e+00
1.018047581632e+00 1.407702633075e+00
-6.328283927255e-01 4.222023935779e-01
-1.397553388129e-01 1.057829950367e+00
5.610782104758e-01 1.141507465575e+00
4.519226336425e-01 1.499229324301e+00
-8.903751360190e-01 5.629005073191e-01
6.440345388615e-01 1.493068669424e+00
7.121996701917e-01 1.313395364322e+00
3.579007791527e-01 5.931305527711e-02
1 2 3
2 1 4
5 6 7
6 8 9
10 11 12
11 10 13
14 15 16
16 15 17
18 19 20
19 21 22
23 24 25
24 23 26
27 22 28
22 20 19
29 30 16
30 29 31
32 33 34
35 36 18
35 33 32
37 38 39
38 40 27
41 42 43
41 44 31
45 46 47
45 21 48
49 50 43
50 49 51
52 53 54
53 52 55
56 57 27
56 47 58
59 60 61
60 59 62
63 17 64
42 31 29
58 57 56
58 24 26
65 51 23
66 55 52
26 67 68
67 23 51
61 33 35
61 40 59
40 61 22
57 39 38
49 69 70
51 65 54
60 71 34
60 34 33
35 32 36
72 73 43
74 75 76
74 76 77
78 79 80
79 81 82
83 84 85
84 83 78
86 87 88
87 89 90
91 92 93
92 94 95
90 85 96
85 97 83
98 99 100
99 101 4
102 103 104
103 8 6
82 80 79
82 5 7
105 81 79
105 83 97
88 90 96
106 97 85
107 89 87
108 4 101
99 1 100
7 80 82
5 104 103
98 93 92
93 98 100
102 94 92
91 8 103
76 96 84
109 93 100
109 110 8
88 75 111
105 78 83
84 96 85
3 112 100
112 3 113
114 9 110
9 7 6
115 116 113
117 84 78
80 7 118
118 119 77
118 7 9
76 75 96
120 111 75
77 121 74
77 117 118
91 103 102
103 6 5
99 4 1
100 112 109
96 75 88
76 84 117
122 113 116
115 3 2
123 124 114
123 112 113
123 109 112
95 98 92
119 114 125
114 110 123
126 127 120
74 121 128
116 129 122
129 130 131
115 113 3
80 118 117
9 8 110
74 120 75
107 87 86
122 124 123
124 122 131
128 126 74
121 119 125
117 78 80
117 77 76
126 132 133
132 126 128
134 128 121
125 124 135
133 127 126
124 125 114
93 8 91
106 85 90
123 113 122
3 100 1
136 137 138
136 139 131
135 134 125
135 139 140
131 130 136
132 128 141
126 120 74
134 121 125
134 140 141
131 122 129
141 128 134
131 135 124
140 134 135
140 139 142
138 142 136
143 144 141
143 70 69
119 118 9
135 131 139
144 69 73
143 141 140
145 146 147
145 148 149
136 130 137
142 70 143
150 151 152
153 48 154
48 21 155
12 149 148
149 12 11
156 157 66
157 13 10
158 60 62
159 151 30
159 160 152
161 162 163
162 164 165
166 167 168
167 47 46
63 64 72
169 151 150
142 143 140
77 119 121
155 154 48
55 66 157
25 52 65
149 146 145
148 53 12
35 18 20
142 139 136
54 41 50
44 163 31
14 16 169
16 30 151
170 148 145
170 161 163
70 68 67
68 142 138
171 156 66
172 13 157
68 37 39
37 62 59
54 50 51
54 170 44
31 42 41
63 29 17
45 28 22
46 168 167
151 169 16
152 173 150
165 164 160
165 163 162
174 172 156
175 47 167
59 40 38
171 66 25
58 39 57
60 158 71
22 27 40
56 28 45
38 27 57
46 48 153
19 155 21
68 39 26
138 62 37
66 52 25
170 53 148
43 63 72
43 69 49
63 43 42
15 64 17
67 26 23
41 43 50
170 163 44
31 165 30
64 15 14
171 25 24
157 10 55
99 95 101
132 141 144
59 38 37
61 60 33
61 35 20
21 45 22
45 47 56
171 24 58
58 26 39
143 69 144
54 44 41
170 145 161
70 67 49
42 29 63
58 47 171
172 157 156
16 17 29
67 51 49
61 20 22
56 27 28
45 48 46
55 12 53
23 25 65
162 147 164
69 43 73
46 153 168
171 47 175
155 19 18
138 37 68
175 167 166
175 166 174
156 175 174
175 156 171
109 123 110
95 99 98
54 65 52
12 55 10
142 68 70
109 8 93
102 92 91
9 114 119
176 104 5
82 81 176
176 5 82
105 79 78
53 170 54
90 88 87
90 89 106
145 147 161
111 86 88
147 162 161
159 152 151
165 160 159
165 31 163
159 30 165
ZONE T="Element"
Nodes=171, Elements=293, ZONETYPE=FETriangle
DATAPACKING=POINT
9.474770937355e-01 3.024092180518e-02
9.579119362215e-01 1.958953127797e-02
9.667767583061e-01 3.345303071812e-02
9.587697342076e-01 6.901456341907e-03
9.759482646247e-01 1.859300154651e-02
5.604577412303e-01 6.474080875959e-02
5.725154742975e-01 7.794505109276e-02
5.534686686038e-01 8.482693640165e-02
5.656607413670e-01 4.835374773864e-02
5.796777735578e-01 6.237295475319e-02
8.285337656078e-01 3.807388814049e-02
8.395310465033e-01 4.930908183584e-02
8.230915194320e-01 5.583910100991e-02
8.348794839968e-01 2.228657402701e-02
8.470534627271e-01 3.533430717782e-02
9.292590219126e-01 2.746893865688e-02
9.376279484452e-01 4.576871619232e-02
9.381409308046e-01 9.620617697124e-03
8.672016041412e-01 7.209499702186e-02
8.785802066676e-01 9.408290074385e-02
8.459719545702e-01 9.930226268248e-02
8.835985958666e-01 4.950104037748e-02
8.979712366661e-01 7.376127710827e-02
1.054970976969e+00 6.138040326938e-02
1.029540179231e+00 4.732632904932e-02
1.051621373966e+00 2.888127568685e-02
1.033658788303e+00 8.399622465572e-02
1.074355094515e+00 9.425521884147e-02
1.034226307966e+00 1.355724643387e-01
1.084882279546e+00 4.711577251370e-02
7.966207984357e-01 2.831104826237e-01
9.146138297892e-01 3.261286277089e-01
7.983285433313e-01 4.326482664275e-01
1.035303074365e+00 1.236871934247e-02
1.032172836085e+00 2.624840273214e-02
7.185539604082e-01 1.687725905190e-01
7.749132262453e-01 1.495897420143e-01
7.595608580249e-01 2.082375839014e-01
8.179548184509e-01 1.998801396840e-01
6.848189975050e-01 1.269540455130e-01
6.535294012374e-01 1.041063464713e-01
6.757674349193e-01 9.245453136943e-02
7.017375183653e-01 9.912449982439e-02
6.945864720227e-01 7.371414033165e-02
1.018411048980e+00 2.675508003567e-02
1.016999789061e+00 1.341999529827e-02
1.025182265272e+00 1.671255988378e-02
1.010067734610e+00 1.715140854158e-02
1.005482539503e+00 2.631059393005e-02
7.319858330902e-01 1.175174329143e-01
7.823860324358e-01 6.025993121386e-02
7.904001845424e-01 8.037399698581e-02
7.632895088129e-01 7.026457980245e-02
7.694040145292e-01 1.018301165153e-01
9.762472049061e-01 5.402208865014e-02
1.004098397857e+00 6.548117203570e-02
9.763606296431e-01 8.570924946066e-02
1.008645519815e+00 4.089325139209e-02
7.472357935548e-01 4.902357317871e-02
7.286357132982e-01 4.885657612627e-02
7.314513037282e-01 3.351096833685e-02
7.521490394670e-01 3.137902555059e-02
9.974029222506e-01 3.348641841121e-02
9.941092628511e-01 4.562073312634e-02
9.935269125152e-01 2.177626175719e-02
1.002487244039e+00 1.717624330241e-02
9.981116794434e-01 1.202901264067e-02
9.893952947113e-01 1.155474792592e-02
1.000000000000e+00 1.260000000000e-03
1.005044768766e+00 9.318126488211e-03
1.022848296822e+00 5.406308578204e-03
9.841522694272e-01 3.422073514254e-02
9.793896169731e-01 4.115463685213e-03
5.912001095561e-01 7.897751369428e-02
5.864049194806e-01 4.673501076177e-02
5.994717810840e-01 6.156391000856e-02
5.449106464293e-01 4.989477043187e-02
5.327918244033e-01 6.242192113682e-02
5.241546069810e-01 5.135351730882e-02
5.318728283507e-01 7.754362457579e-02
5.167741282072e-01 6.627080947032e-02
6.487801586791e-01 5.797594866718e-02
6.631321725867e-01 5.203660887107e-02
6.691002025118e-01 6.786704557294e-02
6.693232313035e-01 3.955696703043e-02
6.803595377525e-01 5.428426425113e-02
7.676632079244e-01 4.736404926618e-02
7.728408543749e-01 2.919036117557e-02
7.880780189009e-01 4.406682467592e-02
6.167537875256e-01 5.891775812210e-02
6.071432194833e-01 4.504261335601e-02
6.979165486247e-01 5.281491635430e-02
6.900383608899e-01 3.760125175459e-02
7.107477270267e-01 3.558541972488e-02
8.020605357695e-01 6.007336277532e-02
7.935266368927e-01 2.694539717850e-02
8.086997825791e-01 4.166829408842e-02
5.033926129461e-01 5.272488572895e-02
5.110068136503e-01 8.566142440443e-02
4.952765280734e-01 7.008756300459e-02
7.149767143177e-01 6.128714373744e-02
7.376120789508e-01 6.721465543951e-02
8.572410289712e-01 5.044970125985e-02
8.555461426686e-01 1.987189921774e-02
8.672571965159e-01 3.300254257947e-02
5.447003418035e-01 6.788561226114e-02
9.008578238294e-01 3.604319407847e-02
9.125455891549e-01 2.644244887125e-02
9.182487669097e-01 4.155719224846e-02
9.175037312641e-01 1.227530944019e-02
9.556659191553e-01 4.645525674153e-02
6.278756814530e-01 4.328013108175e-02
6.145768719303e-01 7.970793699717e-02
8.849938100005e-01 3.034968954807e-02
8.762059522805e-01 1.739930856113e-02
8.968586018588e-01 1.486760993226e-02
4.826246837965e-01 5.400319171327e-02
4.743635767538e-01 7.099811938083e-02
4.865191352259e-01 8.914004583254e-02
6.332352586462e-01 6.726852572150e-02
6.526368402725e-01 7.897012919824e-02
6.486023427627e-01 4.145068567463e-02
9.054444736824e-01 5.242175612959e-02
9.229110649452e-01 6.144018205955e-02
9.502005903835e-01 6.879152634188e-02
8.142062410093e-01 2.464421701522e-02
6.357933528443e-01 8.749845149563e-02
6.241039776814e-01 1.082567082225e-01
6.014798361743e-01 9.547269171562e-02
5.777730785394e-01 9.880704185506e-02
8.416622493715e-01 6.733245463153e-02
7.457016194688e-01 8.795847870893e-02
7.215288542894e-01 8.498234899349e-02
8.179480661465e-01 7.848357599986e-02
5.540313991179e-01 1.087913989205e-01
5.315038194130e-01 9.984214877794e-02
5.720186580971e-01 1.334521990123e-01
5.356674535544e-01 1.277139420965e-01
6.482301655963e-01 1.314347835886e-01
9.248099819115e-01 8.719011615272e-02
9.012524149475e-01 1.006366361628e-01
9.502176156330e-01 9.849358080542e-02
5.025765066461e-01 1.134011869546e-01
5.446886581638e-01 1.651398325563e-01
5.077999737522e-01 1.492112467786e-01
1.004761773283e+00 9.996176039975e-02
8.045228759773e-01 1.094787017354e-01
5.982995822644e-01 1.159906444635e-01
6.158177216175e-01 1.487908746185e-01
6.634848686014e-01 1.703946487820e-01
8.301027155198e-01 1.441434844550e-01
9.254910760054e-01 1.196645594351e-01
8.817859641678e-01 1.294997241899e-01
5.806922186898e-01 1.765610355126e-01
5.558719192542e-01 2.243247173235e-01
9.726381957965e-01 1.275053685311e-01
6.198921990680e-01 2.081453547742e-01
9.261294218102e-01 1.728180668967e-01
8.659856831893e-01 1.773341509742e-01
9.897818382723e-01 1.774282609745e-01
5.133701492580e-01 1.871337287466e-01
8.813230067189e-01 2.337372075101e-01
9.670125504204e-01 2.402371558350e-01
6.935961674134e-01 2.382702436787e-01
6.178565915322e-01 2.892674834836e-01
1.101502232935e+00 1.499892559950e-01
1.048902715368e+00 2.110082492710e-01
7.028701267409e-01 3.335307297255e-01
1.040135160754e+00 3.155464454369e-01
1.153505958073e+00 2.404195588088e-01
6.196037992149e-01 4.260751209944e-01
1 2 3
2 4 5
6 7 8
6 9 10
11 12 13
11 14 15
16 1 17
1 16 18
19 20 21
19 22 23
24 25 26
25 24 27
27 28 29
28 24 30
31 32 33
34 26 35
36 37 38
38 37 39
40 41 42
40 42 43
43 42 44
25 45 35
25 35 26
45 46 47
48 45 49
40 43 50
40 50 36
51 52 53
53 52 54
55 56 57
58 25 56
59 60 61
59 61 62
49 45 58
49 58 63
63 58 64
45 47 35
65 49 63
66 65 67
67 65 68
69 70 67
69 67 68
66 49 65
70 48 66
66 48 49
66 67 70
71 47 46
65 5 68
65 63 72
72 63 64
35 47 34
69 68 73
7 10 74
10 75 76
77 78 79
78 80 81
82 83 84
83 85 86
87 88 89
87 59 62
3 5 72
5 73 68
90 76 91
76 74 10
92 93 94
93 92 86
64 58 56
51 89 95
89 96 97
79 81 98
81 99 100
101 60 102
12 15 103
15 104 105
106 8 80
8 106 6
107 108 109
110 18 16
34 47 71
55 72 64
55 111 3
112 90 91
113 74 76
114 115 116
115 114 105
25 58 45
117 100 118
100 99 119
84 86 44
44 92 101
102 59 53
62 88 87
120 82 121
122 85 83
123 107 109
123 23 22
109 17 124
17 111 125
18 4 2
108 16 109
126 14 11
97 95 89
127 128 113
128 127 41
84 42 121
17 1 111
3 72 55
128 129 113
129 130 74
6 77 9
7 74 130
13 95 97
12 103 131
131 13 12
19 21 131
103 105 22
22 114 107
54 132 53
132 133 102
106 78 77
80 99 81
74 113 129
75 91 76
65 72 5
53 59 87
94 61 60
44 86 92
134 13 131
134 52 95
85 93 86
84 121 82
8 135 136
135 137 138
121 127 120
128 41 139
22 105 114
109 124 123
120 113 90
121 41 127
23 124 140
22 107 123
133 44 101
102 53 132
140 124 125
140 141 23
125 111 55
125 142 140
124 23 123
111 1 3
95 52 51
13 97 11
99 136 143
81 79 78
143 136 138
138 136 135
138 144 145
57 56 146
54 52 147
147 52 134
37 50 54
130 148 137
137 148 149
5 4 73
55 57 125
148 129 128
120 90 112
44 42 84
133 101 102
15 14 104
103 19 131
26 30 24
50 43 133
130 137 135
77 6 106
150 139 40
41 121 42
24 28 27
56 27 146
21 134 131
21 151 147
152 140 142
141 153 20
144 154 155
143 138 145
132 50 133
54 147 37
18 2 1
17 109 16
142 57 156
17 125 124
19 103 22
20 23 141
122 83 82
113 120 127
150 40 36
148 130 129
149 150 157
153 152 158
23 20 19
126 11 97
134 95 13
130 135 8
128 149 148
98 100 117
158 152 156
158 159 153
94 60 101
48 46 45
146 29 156
99 143 119
137 144 138
160 156 29
156 57 146
155 161 144
155 154 157
39 37 151
152 153 141
57 142 125
89 51 87
50 132 54
39 159 162
158 160 163
113 76 90
139 149 128
154 137 149
157 164 165
29 166 167
36 38 164
151 153 159
105 103 15
161 145 144
153 151 21
160 29 167
142 156 152
156 160 158
5 3 2
31 168 164
53 87 51
149 139 150
144 137 154
130 8 7
167 169 163
169 167 170
55 64 56
165 155 157
164 38 31
119 118 100
171 165 168
29 146 27
33 168 31
31 39 162
153 21 20
162 163 32
160 167 163
151 159 39
158 163 162
28 166 29
171 168 33
162 32 31
149 157 154
168 165 164
162 159 158
56 25 27
169 32 163
59 102 60
150 164 157
136 80 8
166 170 167
108 116 110
31 38 39
78 106 80
147 134 21
112 82 120
140 152 141
16 108 110
116 108 107
116 107 114
105 104 115
15 12 11
36 50 37
96 126 97
151 37 147
89 88 96
44 133 43
94 101 92
36 164 150
40 139 41
86 84 83
82 112 122
10 7 6
136 99 80
10 9 75
81 100 98
ZONE T="Element"
Nodes=177, Elements=302, ZONETYPE=FETriangle
DATAPACKING=POINT
2.512520115089e-01 -8.764901401476e-02
2.477016349917e-01 -7.177740081255e-02
2.340447068230e-01 -7.884563828364e-02
2.538739717315e-01 -5.950595722558e-02
2.330756274781e-01 -5.890161330876e-02
4.103932218872e-01 -6.979806886369e-02
4.107018294258e-01 -8.608631795064e-02
4.265815160994e-01 -7.410414864952e-02
3.949008280758e-01 -7.353790608976e-02
6.074512784955e-01 -6.759223550759e-02
5.928542343140e-01 -5.991449825569e-02
5.887428739217e-01 -7.713941499327e-02
5.864049258563e-01 -4.673501025267e-02
5.755504417933e-01 -6.314138811186e-02
8.610862942994e-01 -5.052816352700e-02
8.685118776873e-01 -3.503796065024e-02
8.492923948567e-01 -3.657353108090e-02
8.805123280188e-01 -5.356810575987e-02
4.963639013079e-01 -9.152850495899e-02
4.761322232275e-01 -9.439792085321e-02
4.878309869727e-01 -1.158291938574e-01
4.988660577553e-01 -6.990189943543e-02
4.766599388879e-01 -7.442084668228e-02
8.328529418289e-01 -7.682542366215e-02
8.475820564107e-01 -9.828430574434e-02
8.631060629529e-01 -7.289561907556e-02
8.081806281633e-01 -7.676228034561e-02
8.140687630678e-01 -1.067787440907e-01
4.566631095188e-01 -1.084451306903e-01
5.165739766531e-01 -1.125775500494e-01
5.199225751372e-01 -8.223914185753e-02
6.640794609180e-01 -7.820713211290e-02
6.450361158407e-01 -9.359439387015e-02
6.796130446878e-01 -9.420986797433e-02
6.632402688422e-01 -1.273775332382e-01
3.532848384963e-01 -1.314734400035e-01
3.488402645287e-01 -1.007816137986e-01
3.291538379184e-01 -1.117707900825e-01
3.233220636495e-01 -1.373903346319e-01
3.683680199204e-01 -1.080639104922e-01
3.854883983055e-01 -1.248245161506e-01
6.086980668660e-01 -9.256483215463e-02
6.262712217680e-01 -1.171766203101e-01
6.476549896623e-01 -7.256305632530e-02
6.275125493337e-01 -7.355938875872e-02
7.819465677582e-01 -4.460946378604e-02
8.002440899743e-01 -4.190751682587e-02
7.935266459946e-01 -2.694539617829e-02
7.728408642808e-01 -2.919036011417e-02
6.864443162565e-01 -7.021734939401e-02
6.391298051346e-01 -5.814716907447e-02
6.625170170844e-01 -5.930719781026e-02
6.278756878715e-01 -4.328013052551e-02
6.214844165335e-01 -5.757876074603e-02
3.994957535967e-01 -5.804885173660e-02
4.202861822382e-01 -5.721311989194e-02
3.794488457308e-01 -7.731172322939e-02
3.880002303363e-01 -9.510433388876e-02
5.581306213633e-01 -6.367305257245e-02
5.656607475145e-01 -4.835374727031e-02
3.152318235003e-01 -8.053304971109e-02
3.024545354482e-01 -7.258976799853e-02
2.987510278686e-01 -8.965841374947e-02
2.954846172679e-01 -6.001298221851e-02
2.854139996043e-01 -7.514283109750e-02
6.693232377293e-01 -3.955696643337e-02
6.819857321821e-01 -5.195902309003e-02
6.900383671817e-01 -3.760125115128e-02
7.008904044997e-01 -5.234262017284e-02
4.579200420460e-01 -7.025962741529e-02
4.628617770434e-01 -8.567265993426e-02
4.459532239538e-01 -8.102694778397e-02
2.746779514231e-01 -5.986894507339e-02
2.650717627198e-01 -7.466574885180e-02
2.743891488320e-01 -9.653945072976e-02
8.555461501149e-01 -1.987189833733e-02
8.348794919958e-01 -2.228657310367e-02
7.314513151182e-01 -3.351096717954e-02
7.431777574825e-01 -4.539972995379e-02
7.521490501311e-01 -3.137902443730e-02
7.474003343822e-01 -6.221119576292e-02
7.607986175830e-01 -4.664183305298e-02
3.293581925949e-01 -7.414671082932e-02
3.370975479861e-01 -5.971914714534e-02
3.162917218974e-01 -5.995741843382e-02
3.481539780004e-01 -7.829352594552e-02
4.826246891117e-01 -5.400319139859e-02
5.033926200422e-01 -5.272488527587e-02
5.143964937347e-01 -6.420042536478e-02
5.287306600299e-01 -6.449896473291e-02
6.071432257354e-01 -4.504261283498e-02
3.664470442255e-01 -7.247202282526e-02
3.662263679352e-01 -8.813564861954e-02
3.579007845935e-01 -5.931305515013e-02
7.094541977808e-01 -6.864110475937e-02
4.302354249770e-01 -9.532751054537e-02
8.142062494648e-01 -2.464421606252e-02
5.241546156325e-01 -5.135351671871e-02
5.423677182559e-01 -7.386742992990e-02
5.449106571495e-01 -4.989476965667e-02
8.427028542063e-01 -5.456315887846e-02
8.318827243623e-01 -3.795570300496e-02
8.179967069375e-01 -5.260051292019e-02
5.648749248671e-01 -8.295910551775e-02
3.306453192648e-01 -9.015194983365e-02
3.143805531424e-01 -9.741134071560e-02
3.006361066842e-01 -1.157340422443e-01
7.034263885700e-01 -8.535622295890e-02
7.304820978023e-01 -8.058718787308e-02
8.762059589306e-01 -1.739930775554e-02
8.887121399053e-01 -3.340582268131e-02
8.968586080574e-01 -1.486760916321e-02
7.249084616585e-01 -5.394447263282e-02
2.518555567002e-01 -1.073492338153e-01
2.682339859526e-01 -1.262941746289e-01
2.330527467250e-01 -9.893752123737e-02
2.314560600773e-01 -1.285066579851e-01
5.651668775495e-01 -1.072069744953e-01
5.830282971942e-01 -9.666443041209e-02
7.702193690099e-01 -6.343512267290e-02
4.098578407165e-01 -1.093938228210e-01
4.304009495203e-01 -1.180963919900e-01
8.955318198348e-01 -7.432024560708e-02
3.787004360883e-01 -5.875235720905e-02
4.410713200150e-01 -5.625468199708e-02
4.618508817233e-01 -5.518212278019e-02
7.572453153500e-01 -7.949799954905e-02
7.524725937606e-01 -1.036537346995e-01
7.824404492661e-01 -8.686872587270e-02
7.935442797164e-01 -6.073799518228e-02
6.486023492637e-01 -4.145068509052e-02
7.794398737109e-01 -1.199572030004e-01
5.421592182239e-01 -9.909921853132e-02
4.446582518900e-01 -1.410973283106e-01
4.732544819271e-01 -1.373029672122e-01
5.079982292021e-01 -1.507230893806e-01
5.903182983447e-01 -1.232104008146e-01
5.500533064840e-01 -1.327450858151e-01
2.552602783586e-01 -1.640439918120e-01
2.958187082351e-01 -1.529717439852e-01
7.111382863227e-01 -1.131256047937e-01
3.843012357250e-01 -1.608405491855e-01
3.382927123789e-01 -1.780086796444e-01
8.797604878698e-01 -1.031246501020e-01
9.164995591667e-01 -9.979281232856e-02
6.997384265520e-01 -1.583908020814e-01
7.475522063366e-01 -1.421880430825e-01
8.481220263342e-01 -1.317970917913e-01
4.132666223137e-01 -1.387478507214e-01
6.240633589466e-01 -1.491359414730e-01
2.905736076993e-01 -1.996836636419e-01
4.276096090020e-01 -1.745881410948e-01
5.446682315626e-01 -1.729233788425e-01
5.834883138524e-01 -1.634749885921e-01
6.573214778998e-01 -1.662113792881e-01
4.708237423800e-01 -1.713739151144e-01
6.220417309314e-01 -1.902188310436e-01
7.966269984079e-01 -1.589386566719e-01
7.393604446207e-01 -1.964493442049e-01
8.494528356649e-01 -1.785870395054e-01
8.998124166687e-01 -1.466620487332e-01
3.939671667026e-01 -2.128433284525e-01
5.700286388852e-01 -2.091393185405e-01
5.141483320291e-01 -2.001943288408e-01
4.586406350004e-01 -2.226258747846e-01
7.107477333961e-01 -3.558541909572e-02
8.038774595623e-01 -2.434945102057e-01
5.335107592724e-01 -2.726866079189e-01
6.745756910881e-01 -2.046647119319e-01
6.227729049162e-01 -2.486866464357e-01
7.054279188626e-01 -2.658031262025e-01
3.386018957000e-01 -2.424349859471e-01
8.959029386923e-01 -2.209221993885e-01
7.583129373398e-01 -3.514170932908e-01
5.195637376509e-01 -3.893233464223e-01
6.344145293049e-01 -3.341590494762e-01
4.177239971796e-01 -2.968499789956e-01
1 2 3
2 4 5
6 7 8
7 6 9
10 11 12
11 13 14
15 16 17
16 15 18
19 20 21
19 22 23
24 25 26
24 27 28
21 20 29
30 31 19
32 33 34
34 33 35
36 37 38
36 38 39
40 36 41
33 42 43
44 33 32
33 44 45
46 47 48
46 48 49
32 34 50
51 44 52
51 53 54
55 6 56
9 57 58
59 14 60
14 12 11
61 62 63
62 64 65
66 67 68
67 50 69
70 71 23
71 70 72
73 74 65
74 1 75
17 76 77
76 17 16
78 79 80
79 81 82
83 84 85
84 83 86
87 23 22
23 71 20
88 87 22
89 31 90
54 91 10
91 54 53
92 93 57
92 94 86
95 69 50
69 68 67
72 8 96
8 56 6
48 47 97
98 88 89
90 99 100
15 17 101
101 102 103
104 12 14
59 100 99
52 32 50
32 52 44
73 65 64
65 75 63
105 37 86
106 107 38
107 106 63
108 95 50
95 108 109
110 111 112
113 81 79
113 95 109
105 86 83
61 63 106
75 114 115
114 116 117
118 119 104
119 42 12
82 46 49
82 81 120
22 89 88
31 22 19
121 96 7
96 121 122
26 18 15
18 26 123
91 13 11
10 45 54
26 15 101
101 17 102
124 9 55
57 93 58
125 70 126
72 96 29
127 120 81
127 128 129
42 45 10
104 14 59
40 58 93
58 40 41
130 46 120
49 80 82
6 55 9
7 58 121
105 83 61
86 93 92
1 116 114
5 3 2
131 52 66
39 38 107
38 105 106
61 106 105
62 65 63
120 129 130
129 132 28
116 1 3
97 102 77
103 130 27
52 67 66
69 95 113
99 104 59
99 31 133
20 71 29
125 72 70
24 28 25
103 24 101
134 135 29
136 30 21
121 58 41
122 134 29
137 42 119
137 118 138
75 115 107
115 139 140
113 79 78
120 46 82
117 139 115
109 81 113
141 108 34
36 142 41
36 39 143
123 144 145
144 26 25
141 146 147
141 34 35
42 10 12
124 94 92
37 40 93
27 130 129
148 144 25
30 136 138
136 21 135
132 128 147
128 109 141
22 31 89
133 104 99
41 149 121
149 41 142
16 18 111
144 123 26
43 150 35
46 130 47
24 103 27
151 140 139
140 107 115
134 149 152
29 96 122
133 118 104
138 153 154
119 12 104
133 138 118
2 74 4
75 107 63
29 71 72
149 122 121
93 86 37
36 40 37
51 52 131
108 50 34
70 23 126
31 30 133
16 111 110
143 142 36
35 155 146
27 129 28
127 81 109
152 149 142
152 156 134
154 137 138
154 157 150
132 147 158
147 146 159
91 11 10
45 42 33
58 7 9
149 134 122
148 160 161
158 28 132
142 162 152
150 155 35
155 150 157
163 157 154
163 153 164
164 156 165
165 152 162
108 141 109
143 39 140
161 144 148
144 161 145
166 113 78
147 128 141
103 47 130
24 26 101
137 119 118
136 153 138
158 160 148
158 159 167
62 85 64
140 151 143
21 29 135
135 156 136
138 133 30
164 165 168
169 170 171
170 169 157
141 35 146
43 42 137
94 84 86
172 162 143
165 156 152
154 150 137
169 159 146
167 159 171
146 155 169
172 143 151
173 160 167
160 173 161
25 28 148
159 158 147
13 60 14
137 150 43
136 156 164
167 171 174
126 23 87
153 136 164
168 175 176
168 165 177
39 107 140
171 159 169
171 170 176
113 166 69
158 167 160
174 171 176
177 162 172
155 157 169
163 154 153
38 37 105
162 177 165
170 163 168
128 132 129
168 177 175
60 100 59
176 170 168
164 168 163
143 162 142
131 53 51
156 135 134
129 120 127
16 110 76
8 125 56
1 114 75
74 2 1
75 65 74
114 117 115
4 74 73
85 62 61
85 61 83
92 57 124
9 124 57
7 96 8
125 8 72
19 23 20
19 21 30
89 90 98
31 99 90
90 100 98
163 170 157
51 45 44
51 54 45
35 33 43
52 50 67
69 166 68
109 128 127
79 82 80
28 158 148
47 103 97
102 97 103
17 77 102
ZONE T="Element"
Nodes=173, Elements=290, ZONETYPE=FETriangle
DATAPACKING=POINT
1.125238534020e+00 -6.038173693872e-01
1.069030917877e+00 -7.431126590671e-01
1.225631014268e+00 -7.542913995477e-01
1.009014352952e+00 -5.109327672737e-01
9.385367491965e-01 -6.357898178751e-01
1.704322767391e+00 -7.032596239615e-01
1.597668847413e+00 -6.780056996442e-01
1.603226188091e+00 -8.088472315886e-01
1.712133342259e+00 -5.603172280824e-01
1.306174294191e+00 -9.024292457946e-01
1.107202532527e+00 -9.118267222343e-01
1.478803574521e+00 -9.337541125533e-01
1.433674276060e+00 -7.340661743358e-01
-8.672077356262e-01 2.833622202717e-01
-7.390749848149e-01 2.755451818698e-01
-8.058217288382e-01 4.155776381034e-01
-8.434972730750e-01 1.476273958905e-01
9.391306103699e-01 -7.987274373500e-01
7.916084489234e-01 -7.130414376414e-01
8.598001497480e-01 -4.673557462010e-01
-4.335536794739e-01 -9.606295753147e-01
-3.938242879272e-01 -1.058613620052e+00
-2.948940604838e-01 -9.688774960708e-01
-4.352347027881e-01 -1.172747223702e+00
-2.297010476054e-01 -1.142240401870e+00
1.538644925441e+00 -5.705163235291e-01
1.402359800499e+00 -5.607097882353e-01
-4.399396876559e-01 -4.278033249780e-01
-5.071807411059e-01 -3.125242914204e-01
-6.249223524473e-01 -4.069256110146e-01
-2.856629734196e-01 -4.151049549035e-01
-3.662493444504e-01 -2.992832733258e-01
-1.290980554850e-01 -7.331000396985e-01
-1.387511270723e-01 -6.073513978642e-01
-3.134186371216e-01 -6.014468311480e-01
-2.311110101214e-02 -7.819346600697e-01
1.786656934992e-02 -6.276409501493e-01
6.178006938707e-01 -1.036444508760e+00
6.786803343105e-01 -9.018403593886e-01
5.066283697817e-01 -8.593201560390e-01
6.237067429913e-01 -1.220231033952e+00
8.052509427480e-01 -1.162915058298e+00
-6.216596977091e-01 -2.648274478793e-01
-6.884459112538e-01 -1.402494976784e-01
-7.912060281960e-01 -2.822805348260e-01
-5.171927274284e-01 -6.822465570006e-01
-3.976218057408e-01 -7.658824083725e-01
-6.483652603086e-01 -7.510855949062e-01
-5.216969601569e-01 -8.543750282495e-01
1.088816846461e+00 -1.210236062913e+00
1.193807435361e+00 -1.329898959560e+00
1.227783617271e+00 -1.153951548001e+00
9.550132393800e-01 -1.231904451145e+00
1.018047581632e+00 -1.407702633075e+00
9.752946580335e-01 -1.071758433898e+00
1.125055304885e+00 -1.073553228149e+00
5.002033082014e-01 -6.831813599787e-01
6.535360172886e-01 -7.750324079684e-01
4.310291853617e-01 -1.001802812747e+00
-3.823835199962e-01 -8.734346508138e-01
1.287183975173e+00 -6.093978194454e-01
1.213475336953e+00 -5.295324640493e-01
1.296125451477e+00 -4.556810451901e-01
8.027175625523e-01 -8.525288384792e-01
-2.775888524658e-01 -1.282714144508e+00
-1.071750146836e-01 -1.371618934524e+00
8.380112007246e-02 -1.082830838679e+00
1.346133819186e-01 -1.239964754759e+00
2.718217784645e-01 -1.083037999049e+00
-3.551691979216e-02 -1.182723297583e+00
6.494415460038e-01 -6.257367439314e-01
6.691659383755e-01 -4.722516995578e-01
5.090726140254e-01 -5.264067959929e-01
-6.009235370714e-01 -9.310577729870e-03
-6.826001503537e-01 1.327042952094e-01
-7.827025503939e-01 -3.836985415919e-03
-4.534802345448e-01 3.747223017721e-03
-5.178905523862e-01 1.286403413724e-01
7.800123909636e-01 -5.833013463911e-01
4.581414549171e-01 -1.144723049194e+00
3.184960404173e-01 -1.251084983224e+00
4.718040014665e-01 -1.309954649403e+00
1.456170374346e+00 -4.338875786758e-01
-1.303543850327e-01 -4.672177704610e-01
9.284449304860e-01 -9.243011351747e-01
2.927226414502e-01 -8.844992476263e-01
3.717014918050e-01 -7.398045371145e-01
2.184290089511e-01 -6.937260810310e-01
3.332180585001e-01 -5.699425965207e-01
1.306554590894e-01 -9.636858376874e-01
9.524979523592e-02 -8.164328028680e-01
-7.646271314943e-02 -9.505648475631e-01
8.013648536668e-01 -9.916313889997e-01
-2.641510941259e-01 -8.174087460615e-01
7.583129373398e-01 -3.514170932908e-01
6.344145293049e-01 -3.341590494762e-01
8.732844413244e-01 -1.314256146078e+00
-2.897760298675e-01 -1.750361064927e-01
-3.356828286061e-01 -4.398770934664e-02
-4.830707385786e-01 -1.565312618642e-01
2.086784680985e-01 -1.712199535631e-01
2.402672625490e-01 -2.146242890142e-01
2.552602783586e-01 -1.640439918120e-01
1.540906947586e-01 -1.659711584303e-01
1.798011329324e-01 -2.243255537247e-01
2.297121016900e-01 -2.833316723075e-01
2.905736076993e-01 -1.996836636419e-01
1.098969575987e-01 -2.223189425383e-01
4.417370394354e-02 -2.038272616373e-01
4.539436341051e-02 -2.829859397600e-01
1.428103974865e-01 -3.024331734460e-01
6.047212028843e-02 -4.194449791176e-01
-2.349708468184e-01 2.642635849750e-02
-2.095936724799e-01 -7.298913113010e-02
2.816218111535e-01 -2.507491850412e-01
9.536647272648e-02 -1.670976805025e-01
4.177239971796e-01 -2.968499789956e-01
3.386018957000e-01 -2.424349859471e-01
3.124403098696e-01 -3.148708354803e-01
-5.917829603616e-02 -3.228550269532e-01
2.305599802534e-01 -4.025850546369e-01
8.803560360427e-01 -3.215174978776e-01
9.733773710452e-01 -2.679667052780e-01
8.959029386923e-01 -2.209221993885e-01
-2.900591724913e-02 -2.315589168546e-01
-3.432054493475e-01 1.104566618919e-01
-1.960417071573e-01 -2.963946456447e-01
-1.055342504769e-01 -2.395279098813e-01
-1.613898211985e-01 -1.704992784097e-01
8.038774595623e-01 -2.434945102057e-01
3.828430954206e-01 -4.180050295461e-01
5.195637376509e-01 -3.893233464223e-01
9.879263484360e-01 -3.843829135905e-01
1.079312231173e+00 -2.996563831035e-01
1.355565842830e+00 -1.059080534921e+00
1.508451335392e+00 -1.110416995613e+00
1.358174990183e+00 -1.230258381895e+00
-7.498542040491e-01 5.548990078707e-01
-6.328283927255e-01 4.222023935779e-01
1.851453301854e+00 -6.508256086763e-01
1.757132157338e+00 -8.183023518158e-01
-8.511129155740e-01 -1.247101783550e-01
-9.876850207349e-01 -1.918157425268e-01
-8.903751360190e-01 -5.629005073191e-01
-7.932139565221e-01 -4.435520925394e-01
-9.509422945585e-01 -3.804818758643e-01
6.309631931001e-01 -1.377603023864e+00
6.440345388615e-01 -1.493068669424e+00
8.337814009345e-01 -1.462391868273e+00
4.519226336425e-01 -1.499229324301e+00
1.133797391721e+00 -4.436646584520e-01
1.207877911527e+00 -3.099457401580e-01
1.628251687406e-02 -1.308077191605e+00
7.320862005345e-02 -1.438001779555e+00
3.476931970233e-01 -1.373493312026e+00
2.606001574499e-01 -1.480772675122e+00
2.269024287140e-01 -1.355336134909e+00
1.717931505220e-01 -5.387265942979e-01
-5.775240251466e-01 -1.043523825905e+00
-9.509422945585e-01 3.804818758643e-01
-8.903751360190e-01 5.629005073191e-01
1.642168937554e+00 -9.723425929617e-01
-6.024946282710e-01 2.517971481657e-01
-9.876850207349e-01 1.918157425268e-01
7.543290419277e-01 -1.306366719599e+00
-5.183268383225e-01 -5.391505179998e-01
-6.856249038904e-01 -5.888481726837e-01
-4.264250089429e-01 3.063832853749e-01
1.614589618739e+00 -4.278731453627e-01
1.226178870133e+00 -1.019993373698e+00
-1.000000000000e+00 0.000000000000e+00
-8.069780561851e-01 -7.360763280059e-01
-7.021204328019e-01 -8.971657957368e-01
1 2 3
1 4 5
6 7 8
7 6 9
10 3 11
10 12 13
14 15 16
15 14 17
18 5 19
5 4 20
21 22 23
22 24 25
26 7 9
26 27 13
28 29 30
28 31 32
33 34 35
33 36 37
38 39 40
38 41 42
29 43 30
43 44 45
46 47 35
46 48 49
50 51 52
50 53 54
55 56 11
55 53 50
57 40 58
40 59 38
60 21 23
60 47 49
61 62 1
61 27 63
39 64 58
64 18 19
25 65 66
25 23 22
67 68 69
68 67 70
58 71 57
71 72 73
74 75 76
74 77 78
79 72 71
72 79 20
80 41 38
80 81 82
83 27 26
35 31 28
35 34 84
85 18 64
42 53 55
86 87 88
87 57 89
69 81 80
69 90 67
91 36 92
91 88 37
1 5 2
18 85 11
19 79 71
85 64 93
94 47 60
49 47 46
94 23 92
92 23 25
72 95 96
79 19 5
42 97 53
55 93 42
98 99 100
100 99 77
101 102 103
101 104 105
102 105 106
102 107 103
105 102 101
108 105 104
109 110 108
111 110 112
110 111 108
113 99 114
115 107 102
108 104 116
105 111 106
117 118 119
118 107 115
112 120 84
112 121 111
122 123 124
109 108 116
119 106 121
105 108 111
119 118 115
110 125 120
126 99 113
127 128 129
95 122 130
117 131 132
98 32 127
98 114 99
133 134 123
109 125 110
84 120 127
122 133 123
12 135 136
135 52 137
138 16 139
140 6 141
76 142 44
142 143 45
144 145 146
145 30 45
147 148 149
147 82 150
151 152 134
133 20 4
70 153 68
153 66 154
54 97 149
155 156 150
156 155 157
73 132 131
132 73 72
121 158 89
110 120 112
131 89 73
49 159 21
160 16 161
8 141 6
141 8 162
126 78 77
78 163 75
102 106 115
121 106 111
23 94 60
92 25 70
128 120 125
45 44 142
45 30 43
20 133 122
164 14 160
17 76 75
42 41 165
42 93 38
93 55 85
4 151 133
151 1 62
137 136 135
52 56 50
46 35 166
37 36 91
37 84 34
81 155 82
157 68 154
63 62 61
62 63 151
167 166 30
167 48 46
127 32 31
32 100 29
92 90 91
75 163 15
163 168 139
28 30 166
100 44 43
72 96 132
41 82 147
165 149 97
26 9 169
11 2 18
11 170 10
1 3 61
13 27 61
22 159 24
33 35 94
12 162 8
170 52 135
59 86 69
39 58 40
76 44 74
171 143 142
158 121 112
84 31 35
13 61 3
140 9 6
7 13 8
172 167 144
124 130 122
82 41 80
150 148 147
100 74 44
168 163 78
71 58 19
57 73 89
87 40 57
42 165 97
170 56 52
88 89 158
131 119 121
77 99 126
92 67 90
92 70 67
68 81 69
152 151 63
164 17 14
15 139 16
114 98 129
37 34 33
167 46 166
86 91 90
92 33 94
69 80 59
86 88 91
64 19 58
151 4 1
115 106 119
37 112 84
173 159 49
94 35 47
135 10 170
83 26 169
145 167 30
145 45 146
100 77 74
143 146 45
53 97 54
16 160 14
119 131 117
89 131 121
98 100 32
86 90 69
112 37 158
40 87 86
95 20 122
49 21 60
92 36 33
3 2 11
135 12 10
20 95 72
157 154 156
80 38 59
40 86 59
93 39 38
161 16 138
120 128 127
127 31 84
26 13 7
171 142 76
98 127 129
172 173 48
71 73 57
2 5 18
78 75 74
63 27 83
35 28 166
154 68 153
66 70 25
51 137 52
93 64 39
10 13 3
159 22 21
41 147 165
171 17 164
171 76 17
139 15 163
75 15 17
167 145 144
168 78 126
172 48 167
100 43 29
49 48 173
32 29 28
24 65 25
70 66 153
37 88 158
89 88 87
81 68 157
155 150 82
81 157 155
149 165 147
55 50 56
50 54 51
11 85 55
151 134 133
56 170 11
12 136 162
20 79 5
12 8 13
ZONE T="Element"
Nodes=177, Elements=302, ZONETYPE=FETriangle
DATAPACKING=POINT
1.006449659653e-02 3.323336360465e-02
-1.059396349117e-02 3.771539161816e-02
-4.774321641743e-03 1.824299576708e-02
2.443898724505e-02 4.295585315228e-02
1.242550659264e-02 5.536117950937e-02
1.308732383316e-01 1.161223560506e-01
9.931528991863e-02 1.335535267909e-01
1.125105977763e-01 1.000414936817e-01
1.426417516214e-01 1.431368947743e-01
1.121017884195e-01 1.829951988413e-01
-1.313150285151e-01 2.743073009804e-01
-5.877522860282e-02 3.905519403449e-01
-2.451686891111e-01 3.729759670146e-01
-2.686326288179e-02 2.722671361233e-01
3.739312015296e-02 3.261497994273e-01
9.242974474042e-02 4.097927509741e-01
-3.432054493475e-01 1.104566618919e-01
-2.054481176723e-01 1.153609385648e-01
-2.489005663196e-01 2.261384808320e-01
-9.071608229985e-02 -7.907810854643e-02
-9.013150371781e-02 -3.487518618228e-02
-1.353510624776e-01 -4.491244546616e-02
-1.412601130136e-01 -9.905703563995e-02
-1.055657234809e-01 -1.288324509256e-01
1.588001821737e-01 1.119784638501e-01
1.790197236745e-01 1.352889767392e-01
1.416663923352e-01 9.034124492675e-02
1.368588818066e-01 -1.046462403885e-01
1.077706310031e-01 -1.041339960699e-01
1.234864640012e-01 -1.315764336425e-01
8.345290804507e-02 -1.254484035983e-01
4.778922867975e-02 -1.060924523788e-01
6.100778320732e-02 -7.678368499980e-02
3.513457026497e-02 -7.790944043101e-02
8.214406105463e-02 1.020287184256e-01
9.863174845301e-02 8.120111817156e-02
3.013691883779e-02 7.660387290217e-02
3.657984082931e-03 8.062196960385e-02
7.124644754047e-02 5.723216938149e-02
7.488182853019e-02 7.822094779333e-02
5.269820102062e-02 6.866385805128e-02
8.825248837895e-02 4.471782466141e-02
6.790884669342e-02 4.036006505757e-02
9.190424394971e-02 6.218382520265e-02
3.712468925968e-02 4.224281145443e-02
3.424131688917e-02 5.627955249647e-02
4.784262421348e-02 3.487359185077e-02
5.183307666991e-02 4.924649552268e-02
-8.253627325032e-04 -2.625809760097e-02
1.035013520997e-02 -1.732344908276e-02
-9.014081458004e-03 -1.527713147019e-02
1.164754293445e-02 -3.701592486674e-02
2.195426293680e-01 -7.123762032932e-02
2.122868164495e-01 -5.802959592489e-02
2.014240897436e-01 -7.388898030852e-02
2.330756274781e-01 -5.890161330876e-02
1.817360345797e-01 -6.859307464160e-02
1.827195768430e-01 -8.548637606966e-02
1.707605160634e-01 -5.534991123496e-02
1.627128134421e-01 -7.318682744224e-02
1.437321172091e-01 -6.665906941475e-02
1.430944416197e-01 -8.294164040954e-02
1.307131226096e-01 -7.086803476087e-02
1.097176582860e-01 6.405669921621e-02
1.087581601715e-01 4.824112131650e-02
1.293653799131e-01 5.111436361661e-02
1.757361136704e-01 6.962960488620e-02
1.682393212627e-01 8.761909860818e-02
1.580817658676e-01 7.057133009964e-02
1.894519533417e-01 7.935013721160e-02
2.180785004998e-01 7.167085898537e-02
2.098892671208e-01 8.976030880581e-02
2.041103105396e-01 7.045554870958e-02
2.310304865680e-01 8.120722842048e-02
3.246279817853e-02 -4.262273790539e-02
2.833892622188e-02 -2.766235839811e-02
4.784263006724e-02 -3.487359368528e-02
1.087581600739e-01 -4.824112130146e-02
9.912066017732e-02 -6.191615810303e-02
1.150602771759e-01 -6.700970368064e-02
8.308654791798e-02 -6.914935326132e-02
1.013832255956e-01 -8.018155978133e-02
7.041645866690e-02 -5.717681373978e-02
6.790884742058e-02 -4.036006523203e-02
4.833386330455e-02 -5.526767509877e-02
8.825248727465e-02 -4.471782445151e-02
2.122868132830e-01 5.802959577011e-02
1.915127479505e-01 5.685847913874e-02
-1.734156870847e-02 2.499640803332e-03
-2.112513191280e-02 1.868613615955e-02
1.035012704939e-02 1.732344241679e-02
1.404299087233e-01 6.865607057029e-02
1.500399971889e-01 5.345582263892e-02
2.340447068230e-01 -7.884563828364e-02
2.168819063459e-01 -8.652227382077e-02
2.330527467250e-01 -9.893752123737e-02
1.106160691000e-07 -8.673617380000e-19
-3.681442674787e-02 6.966944165644e-03
-3.005919132455e-02 -1.467062577778e-02
1.622735403474e-01 -9.675204661695e-02
2.833892688724e-02 2.766235869646e-02
1.915127498727e-01 -5.685847926212e-02
-1.545716631629e-02 -3.693619940916e-02
1.220536142478e-01 7.590183169719e-02
-9.719503101147e-03 5.982937389165e-02
-2.822012743375e-02 5.058625527989e-02
-2.713148598936e-02 7.490629768242e-02
1.293653798853e-01 -5.111436361313e-02
1.222761743033e-01 -8.553762383396e-02
1.500399972110e-01 -5.345582264117e-02
1.707605160421e-01 5.534991123322e-02
1.856995201877e-01 1.038438106748e-01
-5.834584701112e-02 1.772295705324e-02
-6.075693847404e-02 -1.330015195720e-02
-3.535580149297e-02 3.030195332118e-02
-4.099065988779e-02 -3.316834315643e-02
-3.566853115097e-02 -5.223410100678e-02
2.330756249872e-01 5.890161322089e-02
-5.829988309409e-02 5.017825988604e-02
2.105482140107e-01 -1.071134545269e-01
2.314560600773e-01 -1.285066579851e-01
-1.593261406701e-02 -6.560199714636e-02
2.872493844238e-03 -5.475942166151e-02
-4.452152628514e-02 -7.688831809779e-02
-1.173544392316e-02 -9.409919427308e-02
1.815467063890e-02 -9.595920736175e-02
8.676272014047e-03 -7.424610842864e-02
5.292826293118e-02 9.343727687379e-02
2.487024151017e-02 1.052594008783e-01
1.599828090394e-01 -1.238739483326e-01
1.851214944243e-01 -1.065535477380e-01
1.925926846563e-01 -1.329338051705e-01
2.080255948483e-01 1.198005929993e-01
2.050017571069e-01 1.514990019918e-01
2.320198337287e-01 1.048993123602e-01
2.346087037068e-01 1.386346627313e-01
2.000994890468e-01 -9.197874771883e-02
8.098506299576e-02 -9.334252373908e-02
2.356395532635e-02 -5.714738969813e-02
-6.190286843714e-02 1.000378797886e-01
-1.316646879107e-02 1.084592354753e-01
5.507084177642e-02 1.245853291746e-01
-1.023927461389e-01 1.149042228260e-02
1.540906947586e-01 -1.659711584303e-01
1.731961754944e-01 1.828064095329e-01
-6.144068919860e-02 -4.857564722419e-02
6.990310246565e-03 -1.241591453193e-01
-9.978576308036e-02 6.513190271817e-02
9.536647272648e-02 -1.670976805025e-01
4.531958886408e-02 -1.504473352569e-01
-7.671446004753e-02 -1.768940378149e-01
-4.834917345406e-02 -1.214794740054e-01
5.671600555130e-02 1.690351578478e-01
-3.427042599122e-02 1.482723795851e-01
1.577774207822e-02 1.416574853137e-01
1.670877170429e-04 1.967086558058e-01
2.086784680985e-01 -1.712199535631e-01
-8.553488413382e-02 1.471622127599e-01
-1.242401214791e-01 1.097112359862e-01
-1.536011307183e-01 5.410144569684e-02
-1.044187442569e-02 -1.694661968130e-01
4.417370394354e-02 -2.038272616373e-01
2.552602783586e-01 -1.640439918120e-01
-1.679228290695e-01 -2.900109934552e-03
6.177450354853e-02 2.421094965826e-01
-2.095936724799e-01 -7.298913113010e-02
1.354593962316e-01 2.341029591992e-01
-7.042403159135e-02 2.037756235987e-01
-2.900591724913e-02 -2.315589168546e-01
-2.349708468184e-01 2.642635849750e-02
-1.443104582852e-01 1.794092987870e-01
1.239632913618e-01 3.068087514943e-01
2.067875273038e-01 3.630477358464e-01
2.062612223337e-01 2.557949395451e-01
-1.613898211985e-01 -1.704992784097e-01
-1.055342504769e-01 -2.395279098813e-01
-4.264250089429e-01 3.063832853749e-01
1 2 3
1 4 5
6 7 8
7 9 10
11 12 13
12 14 15
12 15 16
17 18 19
20 21 22
20 22 23
20 23 24
9 6 25
9 25 26
25 6 27
28 29 30
30 29 31
32 33 34
35 36 8
5 37 38
39 40 41
42 39 43
39 44 40
45 46 4
45 47 48
49 50 51
50 49 52
53 54 55
54 53 56
57 58 55
57 59 60
61 62 60
62 61 63
64 65 66
65 64 44
67 68 69
68 67 70
71 72 73
72 71 74
75 76 52
76 75 77
78 79 80
79 81 82
83 84 85
83 81 86
48 43 39
43 48 47
87 73 88
73 72 70
89 3 90
3 91 1
92 69 27
92 66 93
44 42 65
94 95 96
94 56 53
97 91 3
89 98 99
60 58 57
60 62 100
4 101 45
101 1 91
55 102 57
102 55 54
103 52 49
50 52 76
27 104 92
27 69 68
105 106 2
105 38 107
80 63 108
80 82 109
108 78 80
108 61 110
70 88 73
88 67 111
25 112 26
112 25 68
29 109 82
103 51 99
51 97 89
86 84 83
82 80 79
101 47 45
98 113 114
98 90 115
114 116 99
116 117 103
118 71 87
85 77 75
85 33 83
40 44 36
119 115 106
115 90 2
120 96 95
96 120 121
27 6 8
93 69 92
36 44 64
122 123 103
122 124 125
101 4 1
2 90 3
126 127 125
127 123 122
128 40 35
128 129 37
100 28 130
28 109 29
131 132 120
131 100 130
102 59 57
58 100 131
5 46 37
107 106 105
26 133 134
133 135 136
95 137 120
31 29 138
34 33 85
139 123 127
50 97 51
103 123 52
100 58 60
62 109 28
72 135 133
118 74 71
107 140 119
140 107 141
120 137 131
142 35 7
35 40 36
111 69 93
41 37 46
41 40 128
114 113 143
114 99 98
135 72 74
130 144 132
86 81 79
109 63 80
41 128 37
129 141 38
66 104 64
26 134 145
124 117 146
125 127 122
136 134 133
147 126 125
139 127 34
146 116 114
146 20 124
104 66 92
132 121 120
55 58 137
113 115 119
2 5 105
4 46 5
115 2 106
138 82 81
138 33 32
98 115 113
119 148 143
30 31 149
31 138 32
34 127 126
122 103 117
150 149 31
116 103 99
146 114 21
10 9 145
151 152 24
152 147 125
28 100 62
29 82 138
153 7 10
6 9 7
154 155 156
155 142 153
157 121 132
94 53 95
140 148 119
140 158 159
27 68 25
112 133 26
142 129 128
8 7 35
143 113 119
143 21 114
22 21 143
20 146 21
159 148 140
159 18 160
155 129 142
46 48 41
144 30 149
147 150 32
150 147 161
129 155 141
154 158 140
61 60 110
58 131 137
99 51 89
154 140 141
149 150 162
157 163 121
85 75 139
85 84 77
160 148 159
164 22 143
165 153 10
128 35 142
142 7 153
161 162 150
22 164 166
51 103 49
117 124 122
150 31 32
138 81 33
167 10 145
10 167 165
132 144 157
95 55 137
148 160 143
97 3 89
145 9 26
168 154 156
5 38 105
169 161 151
152 125 124
170 164 160
159 171 18
168 14 11
166 23 22
18 171 19
171 159 158
52 139 75
161 147 152
165 15 14
172 165 167
143 160 164
152 124 20
141 155 154
156 153 165
45 48 46
119 106 107
11 14 12
14 156 165
130 132 131
169 162 161
173 172 174
24 23 175
170 166 164
112 68 70
174 172 167
175 176 151
151 24 175
90 98 89
17 170 18
11 13 19
28 30 130
15 172 16
104 8 36
36 64 104
19 171 11
170 160 18
176 169 151
16 172 173
175 23 166
5 2 1
20 24 152
168 11 171
8 104 27
156 14 168
177 17 19
168 158 154
146 117 116
67 88 70
153 156 155
38 141 107
177 19 13
86 79 78
167 145 174
44 39 42
34 85 139
133 112 72
72 112 70
71 73 87
67 69 111
165 172 15
41 48 39
171 158 168
38 37 129
161 152 151
139 52 123
32 34 126
32 126 147
33 81 83
61 108 63
30 144 130
109 62 63
110 60 59
55 95 53
